STATION           DATE     PRCP     TMAX     TMIN     
----------------- -------- -------- -------- -------- 
GHCND:USC00022139 19550701 0.0      30.0     15.0     
GHCND:USC00022139 19550702 0.0      32.2     15.0     
GHCND:USC00022139 19550703 0.0      31.7     13.9     
GHCND:USC00022139 19550704 0.0      35.0     16.7     
GHCND:USC00022139 19550705 0.0      36.1     15.6     
GHCND:USC00022139 19550706 0.0      35.6     18.3     
GHCND:USC00022139 19550707 0.0      35.0     16.1     
GHCND:USC00022139 19550708 0.0      36.1     16.1     
GHCND:USC00022139 19550709 0.0      37.2     16.7     
GHCND:USC00022139 19550710 0.0      36.7     17.8     
GHCND:USC00022139 19550711 0.0      33.9     16.7     
GHCND:USC00022139 19550712 13.0     28.3     15.6     
GHCND:USC00022139 19550713 11.7     32.2     15.0     
GHCND:USC00022139 19550714 1.0      30.6     16.7     
GHCND:USC00022139 19550715 0.0      32.2     18.9     
GHCND:USC00022139 19550716 3.0      32.8     17.2     
GHCND:USC00022139 19550717 8.6      27.8     16.7     
GHCND:USC00022139 19550718 1.3      27.8     15.6     
GHCND:USC00022139 19550719 0.0      30.0     16.1     
GHCND:USC00022139 19550720 0.8      28.3     15.0     
GHCND:USC00022139 19550721 8.1      25.0     16.1     
GHCND:USC00022139 19550722 5.1      24.4     15.0     
GHCND:USC00022139 19550723 18.0     20.6     12.2     
GHCND:USC00022139 19550724 2.8      25.6     15.0     
GHCND:USC00022139 19550725 2.0      24.4     16.1     
GHCND:USC00022139 19550726 34.0     21.7     14.4     
GHCND:USC00022139 19550727 0.0      26.7     13.3     
GHCND:USC00022139 19550728 1.3      27.8     16.1     
GHCND:USC00022139 19550729 54.6     22.2     13.3     
GHCND:USC00022139 19550730 0.0      25.6     15.0     
GHCND:USC00022139 19550731 12.7     26.1     11.1     
GHCND:USC00022139 19550801 8.4      28.9     14.4     
GHCND:USC00022139 19550802 2.0      28.9     14.4     
GHCND:USC00022139 19550803 0.8      28.3     15.6     
GHCND:USC00022139 19550804 0.5      23.9     13.3     
GHCND:USC00022139 19550805 0.0      30.0     13.3     
GHCND:USC00022139 19550806 24.9     26.7     15.0     
GHCND:USC00022139 19550807 79.2     25.6     13.9     
GHCND:USC00022139 19550808 0.0      26.1     14.4     
GHCND:USC00022139 19550809 7.6      26.7     13.3     
GHCND:USC00022139 19550810 0.8      27.8     15.6     
GHCND:USC00022139 19550811 3.3      28.3     15.6     
GHCND:USC00022139 19550812 0.0      27.8     17.2     
GHCND:USC00022139 19550813 8.1      28.3     15.6     
GHCND:USC00022139 19550814 0.0      27.8     16.1     
GHCND:USC00022139 19550815 19.1     28.3     13.9     
GHCND:USC00022139 19550816 0.0      28.3     12.8     
GHCND:USC00022139 19550817 6.4      26.7     16.1     
GHCND:USC00022139 19550818 5.3      25.6     14.4     
GHCND:USC00022139 19550819 3.0      25.6     14.4     
GHCND:USC00022139 19550820 0.0      25.6     14.4     
GHCND:USC00022139 19550821 56.9     25.6     15.0     
GHCND:USC00022139 19550822 0.0      27.8     15.0     
GHCND:USC00022139 19550823 0.0      26.1     15.0     
GHCND:USC00022139 19550824 1.3      25.0     14.4     
GHCND:USC00022139 19550825 0.0      27.8     11.1     
GHCND:USC00022139 19550826 3.3      27.8     15.6     
GHCND:USC00022139 19550827 0.0      27.8     14.4     
GHCND:USC00022139 19550828 0.0      27.2     13.9     
GHCND:USC00022139 19550829 0.0      28.9     14.4     
GHCND:USC00022139 19550830 0.0      27.2     15.6     
GHCND:USC00022139 19550831 0.0      26.7     17.8     
GHCND:USC00022139 19550901 0.0      26.1     17.8     
GHCND:USC00022139 19550902 0.0      27.8     15.0     
GHCND:USC00022139 19550903 0.0      31.1     13.3     
GHCND:USC00022139 19550904 0.0      32.8     13.9     
GHCND:USC00022139 19550905 0.0      28.9     14.4     
GHCND:USC00022139 19550906 0.0      29.4     11.7     
GHCND:USC00022139 19550907 0.0      28.3     12.8     
GHCND:USC00022139 19550908 0.0      29.4     11.1     
GHCND:USC00022139 19550909 0.0      31.1     11.1     
GHCND:USC00022139 19550910 0.0      32.8     13.3     
GHCND:USC00022139 19550911 0.0      32.2     15.0     
GHCND:USC00022139 19550912 0.0      30.6     14.4     
GHCND:USC00022139 19550913 0.0      30.0     13.3     
GHCND:USC00022139 19550914 0.0      31.1     12.8     
GHCND:USC00022139 19550915 0.0      30.6     14.4     
GHCND:USC00022139 19550916 0.0      25.6     17.2     
GHCND:USC00022139 19550917 1.5      26.1     14.4     
GHCND:USC00022139 19550918 0.0      27.2     12.2     
GHCND:USC00022139 19550919 0.0      28.3     13.9     
GHCND:USC00022139 19550920 0.0      28.9     11.1     
GHCND:USC00022139 19550921 0.0      30.0     12.2     
GHCND:USC00022139 19550922 0.0      26.7     12.2     
GHCND:USC00022139 19550923 0.0      26.7     10.6     
GHCND:USC00022139 19550924 0.0      26.7     11.1     
GHCND:USC00022139 19550925 0.0      26.1     10.0     
GHCND:USC00022139 19550926 0.0      27.8     10.6     
GHCND:USC00022139 19550927 0.0      28.9     10.0     
GHCND:USC00022139 19550928 0.0      30.0     11.1     
GHCND:USC00022139 19550929 0.0      30.6     12.2     
GHCND:USC00022139 19550930 0.0      31.1     19.4     
GHCND:USC00022139 19551001 0.0      31.7     16.1     
GHCND:USC00022139 19551002 0.5      28.3     15.0     
GHCND:USC00022139 19551003 2.8      25.0     11.1     
GHCND:USC00022139 19551004 3.8      25.6     13.9     
GHCND:USC00022139 19551005 0.0      24.4     14.4     
GHCND:USC00022139 19551006 0.0      25.0     9.4      
GHCND:USC00022139 19551007 0.0      25.6     11.7     
GHCND:USC00022139 19551008 0.0      25.0     10.0     
GHCND:USC00022139 19551009 0.0      27.2     8.9      
GHCND:USC00022139 19551010 0.0      31.1     11.1     
GHCND:USC00022139 19551011 0.0      28.3     10.6     
GHCND:USC00022139 19551012 0.0      28.3     12.8     
GHCND:USC00022139 19551013 0.0      29.4     11.1     
GHCND:USC00022139 19551014 0.0      27.8     8.9      
GHCND:USC00022139 19551015 0.0      27.2     11.1     
GHCND:USC00022139 19551016 0.0      27.2     11.1     
GHCND:USC00022139 19551017 0.0      26.7     8.3      
GHCND:USC00022139 19551018 0.0      27.8     7.8      
GHCND:USC00022139 19551019 0.0      27.2     9.4      
GHCND:USC00022139 19551020 0.0      25.6     9.4      
GHCND:USC00022139 19551021 0.0      25.6     9.4      
GHCND:USC00022139 19551022 0.0      23.3     9.4      
GHCND:USC00022139 19551023 0.0      22.8     6.7      
GHCND:USC00022139 19551024 0.0      21.1     10.6     
GHCND:USC00022139 19551025 0.0      25.6     6.7      
GHCND:USC00022139 19551026 0.0      22.8     7.8      
GHCND:USC00022139 19551027 0.0      21.1     7.2      
GHCND:USC00022139 19551028 0.0      23.9     2.2      
GHCND:USC00022139 19551029 0.0      22.2     3.9      
GHCND:USC00022139 19551030 0.0      25.6     5.6      
GHCND:USC00022139 19551031 0.0      22.2     7.8      
GHCND:USC00022139 19551101 0.0      20.6     12.8     
GHCND:USC00022139 19551102 0.0      22.2     6.1      
GHCND:USC00022139 19551103 0.0      21.1     6.7      
GHCND:USC00022139 19551104 0.0      20.6     5.6      
GHCND:USC00022139 19551105 0.0      22.8     5.0      
GHCND:USC00022139 19551106 0.0      23.3     4.4      
GHCND:USC00022139 19551107 0.0      20.6     3.9      
GHCND:USC00022139 19551108 0.0      13.9     -1.1     
GHCND:USC00022139 19551109 0.0      19.4     -2.8     
GHCND:USC00022139 19551110 0.0      21.7     1.1      
GHCND:USC00022139 19551111 0.0      17.8     9.4      
GHCND:USC00022139 19551112 0.0      16.1     6.7      
GHCND:USC00022139 19551113 0.5      20.0     7.8      
GHCND:USC00022139 19551114 0.0      13.9     6.7      
GHCND:USC00022139 19551115 0.0      11.7     3.9      
GHCND:USC00022139 19551116 0.0      17.2     -2.8     
GHCND:USC00022139 19551117 0.0      17.8     1.7      
GHCND:USC00022139 19551118 0.0      15.6     -1.1     
GHCND:USC00022139 19551119 0.0      20.6     1.1      
GHCND:USC00022139 19551120 0.0      22.2     3.3      
GHCND:USC00022139 19551121 0.0      18.9     4.4      
GHCND:USC00022139 19551122 0.0      15.0     4.4      
GHCND:USC00022139 19551123 0.0      16.1     -2.8     
GHCND:USC00022139 19551124 0.0      18.9     0.0      
GHCND:USC00022139 19551125 0.0      14.4     0.0      
GHCND:USC00022139 19551126 0.0      21.1     0.6      
GHCND:USC00022139 19551127 0.0      20.6     0.6      
GHCND:USC00022139 19551128 0.0      21.1     1.1      
GHCND:USC00022139 19551129 0.0      16.7     0.0      
GHCND:USC00022139 19551130 4.6      12.8     4.4      
GHCND:USC00022139 19551201 2.0      11.7     3.3      
GHCND:USC00022139 19551202 1.0      8.9      4.4      
GHCND:USC00022139 19551203 5.1      6.7      0.6      
GHCND:USC00022139 19551204 0.0      11.1     -0.6     
GHCND:USC00022139 19551205 0.0      12.2     -1.7     
GHCND:USC00022139 19551206 0.0      13.9     0.6      
GHCND:USC00022139 19551207 0.0      16.7     1.7      
GHCND:USC00022139 19551208 0.0      13.3     0.6      
GHCND:USC00022139 19551209 0.0      16.1     -1.7     
GHCND:USC00022139 19551210 0.0      15.6     1.1      
GHCND:USC00022139 19551211 0.0      12.8     0.6      
GHCND:USC00022139 19551212 0.0      17.2     -2.2     
GHCND:USC00022139 19551213 0.0      17.8     0.0      
GHCND:USC00022139 19551214 0.0      20.0     2.8      
GHCND:USC00022139 19551215 0.0      18.3     0.0      
GHCND:USC00022139 19551216 0.0      17.2     3.9      
GHCND:USC00022139 19551217 0.0      15.6     5.6      
GHCND:USC00022139 19551218 0.0      20.0     0.6      
GHCND:USC00022139 19551219 0.0      20.0     1.1      
GHCND:USC00022139 19551220 0.0      23.3     1.7      
GHCND:USC00022139 19551221 0.0      21.7     3.3      
GHCND:USC00022139 19551222 0.0      21.1     2.2      
GHCND:USC00022139 19551223 0.0      20.6     5.0      
GHCND:USC00022139 19551224 0.0      18.3     5.6      
GHCND:USC00022139 19551225 0.0      20.6     2.8      
GHCND:USC00022139 19551226 0.0      20.6     2.8      
GHCND:USC00022139 19551227 0.0      18.9     8.3      
GHCND:USC00022139 19551228 0.0      18.3     6.1      
GHCND:USC00022139 19551229 0.0      18.3     5.0      
GHCND:USC00022139 19551230 0.0      15.6     0.0      
GHCND:USC00022139 19551231 0.0      17.8     0.0      
GHCND:USC00022139 19560101 0.0      18.9     -3.3     
GHCND:USC00022139 19560102 0.0      20.6     0.0      
GHCND:USC00022139 19560103 0.0      16.1     3.3      
GHCND:USC00022139 19560104 0.0      20.0     -0.6     
GHCND:USC00022139 19560105 0.0      20.0     3.9      
GHCND:USC00022139 19560106 0.0      20.0     3.9      
GHCND:USC00022139 19560107 0.0      20.0     1.1      
GHCND:USC00022139 19560108 0.0      20.6     0.6      
GHCND:USC00022139 19560109 0.0      20.0     2.8      
GHCND:USC00022139 19560110 0.0      17.8     3.3      
GHCND:USC00022139 19560111 0.0      18.3     1.7      
GHCND:USC00022139 19560112 0.0      18.3     0.6      
GHCND:USC00022139 19560113 0.0      18.3     1.1      
GHCND:USC00022139 19560114 0.0      16.7     7.2      
GHCND:USC00022139 19560115 0.0      17.2     5.6      
GHCND:USC00022139 19560116 0.0      13.9     7.2      
GHCND:USC00022139 19560117 4.8      11.1     0.0      
GHCND:USC00022139 19560118 0.0      12.8     -3.9     
GHCND:USC00022139 19560119 0.0      13.9     -3.9     
GHCND:USC00022139 19560120 0.0      13.9     3.9      
GHCND:USC00022139 19560121 21.8     10.0     1.1      
GHCND:USC00022139 19560122 0.5      8.9      -1.7     
GHCND:USC00022139 19560123 0.0      11.7     1.7      
GHCND:USC00022139 19560124 0.0      15.6     3.3      
GHCND:USC00022139 19560125 0.0      16.7     1.1      
GHCND:USC00022139 19560126 0.0      16.7     1.7      
GHCND:USC00022139 19560127 0.0      17.8     5.6      
GHCND:USC00022139 19560128 0.0      13.9     6.7      
GHCND:USC00022139 19560129 5.3      10.0     2.8      
GHCND:USC00022139 19560130 0.0      13.9     1.7      
GHCND:USC00022139 19560131 0.0      13.3     3.9      
GHCND:USC00022139 19560201 5.8      10.0     1.7      
GHCND:USC00022139 19560202 0.0      4.4      -11.1    
GHCND:USC00022139 19560203 0.0      0.0      -11.7    
GHCND:USC00022139 19560204 0.0      7.2      -6.7     
GHCND:USC00022139 19560205 0.0      11.1     -7.2     
GHCND:USC00022139 19560206 0.0      8.9      -2.2     
GHCND:USC00022139 19560207 0.3      6.7      -1.1     
GHCND:USC00022139 19560208 0.0      8.3      -3.3     
GHCND:USC00022139 19560209 0.0      4.4      -4.4     
GHCND:USC00022139 19560210 0.0      11.1     -6.7     
GHCND:USC00022139 19560211 0.0      15.6     -5.0     
GHCND:USC00022139 19560212 0.0      18.3     -2.2     
GHCND:USC00022139 19560213 0.0      16.7     5.6      
GHCND:USC00022139 19560214 0.0      15.6     5.0      
GHCND:USC00022139 19560215 0.0      12.2     5.6      
GHCND:USC00022139 19560216 0.0      11.1     2.2      
GHCND:USC00022139 19560217 3.3      8.3      -5.6     
GHCND:USC00022139 19560218 0.0      8.9      0.6      
GHCND:USC00022139 19560219 0.0      12.8     -3.9     
GHCND:USC00022139 19560220 0.0      15.6     -2.2     
GHCND:USC00022139 19560221 0.0      20.0     1.7      
GHCND:USC00022139 19560222 0.0      21.7     1.7      
GHCND:USC00022139 19560223 0.0      18.3     7.8      
GHCND:USC00022139 19560224 0.0      15.0     7.2      
GHCND:USC00022139 19560225 0.0      20.0     -3.9     
GHCND:USC00022139 19560226 0.0      15.0     5.0      
GHCND:USC00022139 19560227 0.0      15.0     -4.4     
GHCND:USC00022139 19560228 0.0      17.8     -3.3     
GHCND:USC00022139 19560229 0.0      16.7     0.0      
GHCND:USC00022139 19560301 0.0      12.8     5.0      
GHCND:USC00022139 19560302 0.0      18.3     0.0      
GHCND:USC00022139 19560303 0.0      20.0     1.7      
GHCND:USC00022139 19560304 0.0      22.8     3.3      
GHCND:USC00022139 19560305 0.0      20.0     10.0     
GHCND:USC00022139 19560306 0.0      16.7     5.6      
GHCND:USC00022139 19560307 0.0      12.2     -5.0     
GHCND:USC00022139 19560308 0.0      18.9     -3.3     
GHCND:USC00022139 19560309 0.0      21.1     0.0      
GHCND:USC00022139 19560310 0.0      20.6     2.2      
GHCND:USC00022139 19560311 0.0      19.4     8.3      
GHCND:USC00022139 19560312 0.0      15.6     6.1      
GHCND:USC00022139 19560313 0.0      13.9     -6.7     
GHCND:USC00022139 19560314 0.0      15.0     0.6      
GHCND:USC00022139 19560315 0.0      14.4     1.7      
GHCND:USC00022139 19560316 0.0      20.0     -3.3     
GHCND:USC00022139 19560317 0.0      24.4     4.4      
GHCND:USC00022139 19560318 0.0      25.6     3.9      
GHCND:USC00022139 19560319 0.0      23.9     3.9      
GHCND:USC00022139 19560320 0.0      21.1     1.1      
GHCND:USC00022139 19560321 0.0      21.1     2.2      
GHCND:USC00022139 19560322 0.0      21.7     2.2      
GHCND:USC00022139 19560323 0.0      22.2     2.8      
GHCND:USC00022139 19560324 0.0      25.6     2.8      
GHCND:USC00022139 19560325 0.0      26.1     5.6      
GHCND:USC00022139 19560326 0.0      25.0     13.3     
GHCND:USC00022139 19560327 0.0      23.9     5.6      
GHCND:USC00022139 19560328 0.0      23.3     2.8      
GHCND:USC00022139 19560329 0.0      24.4     4.4      
GHCND:USC00022139 19560330 0.0      23.9     5.6      
GHCND:USC00022139 19560331 0.0      21.1     10.6     
GHCND:USC00022139 19560401 0.0      17.8     7.8      
GHCND:USC00022139 19560402 4.6      13.9     -3.3     
GHCND:USC00022139 19560403 0.0      12.8     -3.9     
GHCND:USC00022139 19560404 0.0      15.6     2.2      
GHCND:USC00022139 19560405 0.0      20.0     -0.6     
GHCND:USC00022139 19560406 0.0      22.2     1.7      
GHCND:USC00022139 19560407 0.0      24.4     5.0      
GHCND:USC00022139 19560408 0.0      22.8     5.0      
GHCND:USC00022139 19560409 0.0      23.9     6.7      
GHCND:USC00022139 19560410 0.0      23.3     9.4      
GHCND:USC00022139 19560411 0.0      21.1     6.7      
GHCND:USC00022139 19560412 0.0      22.2     8.3      
GHCND:USC00022139 19560413 0.0      20.6     9.4      
GHCND:USC00022139 19560414 0.0      17.2     2.2      
GHCND:USC00022139 19560415 0.0      16.1     -2.2     
GHCND:USC00022139 19560416 0.0      20.0     2.8      
GHCND:USC00022139 19560417 0.0      20.0     10.0     
GHCND:USC00022139 19560418 0.0      20.6     3.3      
GHCND:USC00022139 19560419 0.0      22.2     0.0      
GHCND:USC00022139 19560420 0.0      22.8     3.9      
GHCND:USC00022139 19560421 0.0      23.3     3.9      
GHCND:USC00022139 19560422 0.0      25.6     5.6      
GHCND:USC00022139 19560423 0.0      25.0     10.0     
GHCND:USC00022139 19560424 0.0      23.9     11.7     
GHCND:USC00022139 19560425 0.0      25.0     8.3      
GHCND:USC00022139 19560426 0.0      23.3     11.1     
GHCND:USC00022139 19560427 0.0      20.6     10.0     
GHCND:USC00022139 19560428 0.0      25.0     5.0      
GHCND:USC00022139 19560429 0.0      24.4     3.9      
GHCND:USC00022139 19560430 0.0      23.3     6.7      
GHCND:USC00022139 19560501 0.0      25.0     5.6      
GHCND:USC00022139 19560502 0.0      27.8     5.6      
GHCND:USC00022139 19560503 0.0      31.7     8.3      
GHCND:USC00022139 19560504 0.0      29.4     13.3     
GHCND:USC00022139 19560505 0.0      27.2     13.3     
GHCND:USC00022139 19560506 0.0      26.7     13.9     
GHCND:USC00022139 19560507 0.0      28.3     12.8     
GHCND:USC00022139 19560508 0.0      28.9     11.1     
GHCND:USC00022139 19560509 0.0      27.2     15.0     
GHCND:USC00022139 19560510 0.0      25.0     9.4      
GHCND:USC00022139 19560511 0.0      29.4     3.9      
GHCND:USC00022139 19560512 0.0      28.3     14.4     
GHCND:USC00022139 19560513 0.0      25.0     8.9      
GHCND:USC00022139 19560514 0.0      23.9     5.6      
GHCND:USC00022139 19560515 0.0      27.8     11.7     
GHCND:USC00022139 19560516 0.0      30.6     14.4     
GHCND:USC00022139 19560517 0.0      32.2     12.2     
GHCND:USC00022139 19560518 0.0      32.2     13.3     
GHCND:USC00022139 19560519 0.0      32.2     19.4     
GHCND:USC00022139 19560520 0.0      28.9     15.0     
GHCND:USC00022139 19560521 0.0      28.9     13.3     
GHCND:USC00022139 19560522 0.0      29.4     11.1     
GHCND:USC00022139 19560523 0.0      29.4     11.1     
GHCND:USC00022139 19560524 0.0      30.0     12.2     
GHCND:USC00022139 19560525 0.0      28.3     13.9     
GHCND:USC00022139 19560526 0.0      25.6     8.9      
GHCND:USC00022139 19560527 0.0      26.7     7.8      
GHCND:USC00022139 19560528 0.0      27.8     14.4     
GHCND:USC00022139 19560529 0.0      29.4     11.1     
GHCND:USC00022139 19560530 0.0      32.8     10.0     
GHCND:USC00022139 19560531 0.0      35.0     13.9     
GHCND:USC00022139 19560601 0.0      34.4     17.8     
GHCND:USC00022139 19560602 0.0      35.6     20.6     
GHCND:USC00022139 19560603 0.0      34.4     19.4     
GHCND:USC00022139 19560604 0.0      32.8     15.6     
GHCND:USC00022139 19560605 0.0      30.6     16.1     
GHCND:USC00022139 19560606 0.0      31.7     13.3     
GHCND:USC00022139 19560607 0.0      32.2     12.8     
GHCND:USC00022139 19560608 0.0      36.7     15.0     
GHCND:USC00022139 19560609 0.0      36.1     22.2     
GHCND:USC00022139 19560610 0.0      34.4     18.3     
GHCND:USC00022139 19560611 0.0      36.1     20.0     
GHCND:USC00022139 19560612 1.0      36.1     18.3     
GHCND:USC00022139 19560613 0.0      36.1     20.6     
GHCND:USC00022139 19560614 0.0      35.0     16.7     
GHCND:USC00022139 19560615 0.0      31.1     17.2     
GHCND:USC00022139 19560616 0.0      30.0     15.6     
GHCND:USC00022139 19560617 0.0      29.4     14.4     
GHCND:USC00022139 19560618 0.0      31.7     12.8     
GHCND:USC00022139 19560619 0.0      33.3     16.1     
GHCND:USC00022139 19560620 0.0      32.2     15.0     
GHCND:USC00022139 19560621 0.0      31.1     15.6     
GHCND:USC00022139 19560622 0.0      32.2     18.9     
GHCND:USC00022139 19560623 0.0      35.0     13.9     
GHCND:USC00022139 19560624 0.0      34.4     17.8     
GHCND:USC00022139 19560625 0.0      34.4     16.1     
GHCND:USC00022139 19560626 0.0      33.3     16.7     
GHCND:USC00022139 19560627 0.0      36.7     19.4     
GHCND:USC00022139 19560628 1.5      32.8     16.1     
GHCND:USC00022139 19560629 15.7     25.6     14.4     
GHCND:USC00022139 19560630 11.2     25.6     16.7     
GHCND:USC00022139 19560701 0.8      27.2     15.6     
GHCND:USC00022139 19560702 0.0      28.3     16.7     
GHCND:USC00022139 19560703 0.0      30.6     17.8     
GHCND:USC00022139 19560704 0.0      33.3     16.1     
GHCND:USC00022139 19560705 0.0      34.4     12.8     
GHCND:USC00022139 19560706 0.0      35.0     16.1     
GHCND:USC00022139 19560707 0.3      35.6     17.2     
GHCND:USC00022139 19560708 0.0      36.1     17.8     
GHCND:USC00022139 19560709 1.5      36.1     19.4     
GHCND:USC00022139 19560710 0.3      35.0     18.3     
GHCND:USC00022139 19560711 2.8      33.3     16.7     
GHCND:USC00022139 19560712 0.5      27.8     12.2     
GHCND:USC00022139 19560713 12.7     23.9     11.1     
GHCND:USC00022139 19560714 0.0      28.9     13.3     
GHCND:USC00022139 19560715 2.0      29.4     15.0     
GHCND:USC00022139 19560716 2.3      31.1     15.6     
GHCND:USC00022139 19560717 7.4      28.3     14.4     
GHCND:USC00022139 19560718 1.5      29.4     12.8     
GHCND:USC00022139 19560719 7.9      29.4     14.4     
GHCND:USC00022139 19560720 2.3      28.9     15.0     
GHCND:USC00022139 19560721 2.5      31.1     12.2     
GHCND:USC00022139 19560722 7.6      31.7     13.9     
GHCND:USC00022139 19560723 0.3      31.1     15.6     
GHCND:USC00022139 19560724 3.3      28.3     15.0     
GHCND:USC00022139 19560725 5.8      27.8     14.4     
GHCND:USC00022139 19560726 31.5     26.7     12.2     
GHCND:USC00022139 19560727 4.1      28.9     12.8     
GHCND:USC00022139 19560728 0.0      29.4     17.2     
GHCND:USC00022139 19560729 12.7     27.2     13.9     
GHCND:USC00022139 19560730 3.6      24.4     14.4     
GHCND:USC00022139 19560731 13.0     22.2     13.9     
GHCND:USC00022139 19560801 0.8      25.0     12.8     
GHCND:USC00022139 19560802 0.0      26.7     14.4     
GHCND:USC00022139 19560803 0.0      26.7     15.0     
GHCND:USC00022139 19560804 0.0      35.6     13.3     
GHCND:USC00022139 19560805 0.0      31.1     16.1     
GHCND:USC00022139 19560806 0.0      32.2     14.4     
GHCND:USC00022139 19560807 0.0      31.7     15.0     
GHCND:USC00022139 19560808 0.0      32.2     14.4     
GHCND:USC00022139 19560809 0.0      33.9     16.7     
GHCND:USC00022139 19560810 2.0      32.2     17.2     
GHCND:USC00022139 19560811 0.8      31.1     17.2     
GHCND:USC00022139 19560812 10.2     25.0     13.9     
GHCND:USC00022139 19560813 15.7     26.1     12.2     
GHCND:USC00022139 19560814 0.0      27.8     14.4     
GHCND:USC00022139 19560815 1.8      26.1     13.9     
GHCND:USC00022139 19560816 5.3      25.6     12.8     
GHCND:USC00022139 19560817 0.5      25.6     13.3     
GHCND:USC00022139 19560818 0.8      25.6     12.8     
GHCND:USC00022139 19560819 0.0      29.4     13.9     
GHCND:USC00022139 19560820 0.0      30.0     14.4     
GHCND:USC00022139 19560821 0.0      28.9     14.4     
GHCND:USC00022139 19560822 0.0      31.1     13.3     
GHCND:USC00022139 19560823 0.0      31.7     15.0     
GHCND:USC00022139 19560824 7.9      32.2     13.9     
GHCND:USC00022139 19560825 0.5      30.0     12.8     
GHCND:USC00022139 19560826 3.0      28.9     13.3     
GHCND:USC00022139 19560827 14.7     25.0     11.7     
GHCND:USC00022139 19560828 0.0      25.0     13.3     
GHCND:USC00022139 19560829 0.0      26.7     9.4      
GHCND:USC00022139 19560830 0.0      27.2     13.3     
GHCND:USC00022139 19560831 0.0      28.9     12.2     
GHCND:USC00022139 19560901 0.0      31.7     12.8     
GHCND:USC00022139 19560902 0.0      32.2     13.3     
GHCND:USC00022139 19560903 0.0      32.8     13.3     
GHCND:USC00022139 19560904 0.0      32.2     15.0     
GHCND:USC00022139 19560905 0.0      31.7     16.7     
GHCND:USC00022139 19560906 2.3      29.4     16.1     
GHCND:USC00022139 19560907 0.3      25.6     14.4     
GHCND:USC00022139 19560908 0.0      27.8     13.9     
GHCND:USC00022139 19560909 0.0      28.3     15.0     
GHCND:USC00022139 19560910 0.0      29.4     11.7     
GHCND:USC00022139 19560911 0.0      31.1     10.6     
GHCND:USC00022139 19560912 0.0      32.8     10.0     
GHCND:USC00022139 19560913 0.0      32.8     12.8     
GHCND:USC00022139 19560914 0.0      32.2     15.6     
GHCND:USC00022139 19560915 0.0      32.2     13.3     
GHCND:USC00022139 19560916 0.0      33.9     13.3     
GHCND:USC00022139 19560917 0.0      35.0     15.0     
GHCND:USC00022139 19560918 0.0      35.0     18.9     
GHCND:USC00022139 19560919 0.0      -9999    17.2     
GHCND:USC00022139 19560920 0.0      33.3     14.4     
GHCND:USC00022139 19560921 0.0      29.4     15.0     
GHCND:USC00022139 19560922 0.0      30.0     13.9     
GHCND:USC00022139 19560923 0.3      28.3     13.3     
GHCND:USC00022139 19560924 0.0      32.2     12.2     
GHCND:USC00022139 19560925 0.0      31.1     12.2     
GHCND:USC00022139 19560926 0.0      32.2     13.3     
GHCND:USC00022139 19560927 0.0      32.2     15.6     
GHCND:USC00022139 19560928 0.0      31.7     19.4     
GHCND:USC00022139 19560929 1.0      30.0     16.1     
GHCND:USC00022139 19560930 0.0      26.7     15.0     
GHCND:USC00022139 19561001 10.7     25.6     12.2     
GHCND:USC00022139 19561002 5.3      25.0     10.0     
GHCND:USC00022139 19561003 0.0      26.7     10.0     
GHCND:USC00022139 19561004 0.0      27.2     10.0     
GHCND:USC00022139 19561005 0.0      28.9     11.7     
GHCND:USC00022139 19561006 0.0      30.0     12.2     
GHCND:USC00022139 19561007 0.0      30.6     12.2     
GHCND:USC00022139 19561008 0.0      28.9     10.6     
GHCND:USC00022139 19561009 0.0      28.3     10.6     
GHCND:USC00022139 19561010 0.0      28.3     10.0     
GHCND:USC00022139 19561011 0.0      28.3     9.4      
GHCND:USC00022139 19561012 0.0      23.9     15.6     
GHCND:USC00022139 19561013 0.0      24.4     12.2     
GHCND:USC00022139 19561014 0.0      25.0     9.4      
GHCND:USC00022139 19561015 0.0      25.0     8.9      
GHCND:USC00022139 19561016 0.0      21.7     8.9      
GHCND:USC00022139 19561017 0.0      22.2     5.6      
GHCND:USC00022139 19561018 0.0      23.3     5.6      
GHCND:USC00022139 19561019 0.0      23.9     6.7      
GHCND:USC00022139 19561020 0.0      25.6     5.0      
GHCND:USC00022139 19561021 0.0      27.2     6.1      
GHCND:USC00022139 19561022 0.0      26.7     8.9      
GHCND:USC00022139 19561023 0.0      22.2     11.1     
GHCND:USC00022139 19561024 11.9     17.2     9.4      
GHCND:USC00022139 19561025 0.0      20.0     1.1      
GHCND:USC00022139 19561026 0.0      23.9     3.3      
GHCND:USC00022139 19561027 0.0      22.2     7.8      
GHCND:USC00022139 19561028 0.0      19.4     8.9      
GHCND:USC00022139 19561029 5.8      15.6     1.7      
GHCND:USC00022139 19561030 0.0      15.6     -2.2     
GHCND:USC00022139 19561031 0.0      18.9     1.1      
GHCND:USC00022139 19561101 0.0      15.6     5.6      
GHCND:USC00022139 19561102 0.0      12.8     -5.0     
GHCND:USC00022139 19561103 0.0      10.0     -5.0     
GHCND:USC00022139 19561104 0.0      13.9     -5.0     
GHCND:USC00022139 19561105 0.0      21.1     -2.2     
GHCND:USC00022139 19561106 0.0      22.2     6.7      
GHCND:USC00022139 19561107 0.0      23.3     3.3      
GHCND:USC00022139 19561108 0.0      18.3     3.9      
GHCND:USC00022139 19561109 0.0      18.9     2.2      
GHCND:USC00022139 19561110 0.0      21.1     1.7      
GHCND:USC00022139 19561111 0.0      23.9     5.0      
GHCND:USC00022139 19561112 0.0      23.9     6.7      
GHCND:USC00022139 19561113 0.5      20.0     6.7      
GHCND:USC00022139 19561114 0.0      17.8     10.0     
GHCND:USC00022139 19561115 0.0      15.0     1.1      
GHCND:USC00022139 19561116 0.0      15.0     1.7      
GHCND:USC00022139 19561117 0.0      18.9     -1.1     
GHCND:USC00022139 19561118 0.0      20.0     2.8      
GHCND:USC00022139 19561119 0.0      16.7     6.7      
GHCND:USC00022139 19561120 0.0      12.8     -7.2     
GHCND:USC00022139 19561121 0.0      10.6     -0.6     
GHCND:USC00022139 19561122 0.0      11.1     1.7      
GHCND:USC00022139 19561123 3.0      15.0     6.1      
GHCND:USC00022139 19561124 0.5      13.3     5.6      
GHCND:USC00022139 19561125 0.0      13.9     3.3      
GHCND:USC00022139 19561126 0.0      16.1     6.1      
GHCND:USC00022139 19561127 0.0      20.0     0.6      
GHCND:USC00022139 19561128 0.0      18.3     6.1      
GHCND:USC00022139 19561129 0.0      14.4     -0.6     
GHCND:USC00022139 19561130 0.0      18.3     0.6      
GHCND:USC00022139 19561201 0.0      19.4     -0.6     
GHCND:USC00022139 19561202 0.0      17.8     1.1      
GHCND:USC00022139 19561203 0.0      13.3     -1.1     
GHCND:USC00022139 19561204 0.0      17.2     0.6      
GHCND:USC00022139 19561205 0.0      13.9     1.1      
GHCND:USC00022139 19561206 0.0      13.3     5.6      
GHCND:USC00022139 19561207 0.0      12.2     5.0      
GHCND:USC00022139 19561208 0.0      10.6     -1.1     
GHCND:USC00022139 19561209 0.0      4.4      0.0      
GHCND:USC00022139 19561210 1.0      8.9      -1.7     
GHCND:USC00022139 19561211 0.0      14.4     -1.1     
GHCND:USC00022139 19561212 0.0      17.2     0.6      
GHCND:USC00022139 19561213 0.0      16.1     -0.6     
GHCND:USC00022139 19561214 0.0      16.7     1.7      
GHCND:USC00022139 19561215 0.0      15.0     -0.6     
GHCND:USC00022139 19561216 0.0      16.7     -1.1     
GHCND:USC00022139 19561217 1.0      14.4     0.6      
GHCND:USC00022139 19561218 6.1      8.3      1.1      
GHCND:USC00022139 19561219 0.0      10.6     -2.8     
GHCND:USC00022139 19561220 0.0      13.9     -1.1     
GHCND:USC00022139 19561221 0.0      11.7     -1.1     
GHCND:USC00022139 19561222 0.0      6.1      1.1      
GHCND:USC00022139 19561223 0.0      9.4      -6.7     
GHCND:USC00022139 19561224 0.0      12.8     -3.3     
GHCND:USC00022139 19561225 0.0      8.9      -3.3     
GHCND:USC00022139 19561226 0.0      11.1     1.7      
GHCND:USC00022139 19561227 0.0      13.3     -4.4     
GHCND:USC00022139 19561228 0.0      13.9     -3.9     
GHCND:USC00022139 19561229 0.0      19.4     -4.4     
GHCND:USC00022139 19561230 0.0      18.3     -3.9     
GHCND:USC00022139 19561231 0.0      18.9     2.2      
GHCND:USC00022139 19570101 0.0      13.9     4.4      
GHCND:USC00022139 19570102 0.0      14.4     -2.2     
GHCND:USC00022139 19570103 21.3     10.6     3.3      
GHCND:USC00022139 19570104 2.5      11.1     3.9      
GHCND:USC00022139 19570105 0.0      12.2     3.3      
GHCND:USC00022139 19570106 0.0      20.6     3.9      
GHCND:USC00022139 19570107 0.0      18.3     6.7      
GHCND:USC00022139 19570108 14.7     15.0     7.8      
GHCND:USC00022139 19570109 19.6     10.0     7.2      
GHCND:USC00022139 19570110 10.7     12.2     7.2      
GHCND:USC00022139 19570111 0.8      17.8     5.0      
GHCND:USC00022139 19570112 0.0      19.4     4.4      
GHCND:USC00022139 19570113 0.0      18.3     7.2      
GHCND:USC00022139 19570114 0.0      16.7     6.7      
GHCND:USC00022139 19570115 0.0      17.8     4.4      
GHCND:USC00022139 19570116 0.0      15.6     -1.7     
GHCND:USC00022139 19570117 0.0      8.3      1.7      
GHCND:USC00022139 19570118 0.0      10.0     0.6      
GHCND:USC00022139 19570119 0.0      11.7     0.6      
GHCND:USC00022139 19570120 0.0      14.4     -2.2     
GHCND:USC00022139 19570121 3.6      11.1     0.6      
GHCND:USC00022139 19570122 2.8      6.7      -6.7     
GHCND:USC00022139 19570123 0.0      11.1     -1.7     
GHCND:USC00022139 19570124 0.0      11.7     2.2      
GHCND:USC00022139 19570125 0.0      14.4     3.3      
GHCND:USC00022139 19570126 0.0      12.8     5.6      
GHCND:USC00022139 19570127 0.0      10.6     6.7      
GHCND:USC00022139 19570128 4.8      6.7      0.6      
GHCND:USC00022139 19570129 0.0      5.0      -4.4     
GHCND:USC00022139 19570130 0.0      8.9      0.6      
GHCND:USC00022139 19570131 1.8      8.9      0.0      
GHCND:USC00022139 19570201 0.0      13.9     -5.0     
GHCND:USC00022139 19570202 0.0      18.3     1.1      
GHCND:USC00022139 19570203 0.0      15.6     6.7      
GHCND:USC00022139 19570204 0.0      12.8     6.7      
GHCND:USC00022139 19570205 0.0      17.2     1.1      
GHCND:USC00022139 19570206 0.0      18.9     1.7      
GHCND:USC00022139 19570207 0.0      19.4     3.9      
GHCND:USC00022139 19570208 0.0      22.8     3.3      
GHCND:USC00022139 19570209 0.0      22.8     4.4      
GHCND:USC00022139 19570210 0.0      25.0     5.6      
GHCND:USC00022139 19570211 0.0      23.3     5.6      
GHCND:USC00022139 19570212 0.0      27.2     6.1      
GHCND:USC00022139 19570213 0.0      26.7     6.1      
GHCND:USC00022139 19570214 0.0      26.1     8.3      
GHCND:USC00022139 19570215 0.0      22.8     7.2      
GHCND:USC00022139 19570216 0.0      20.0     5.0      
GHCND:USC00022139 19570217 0.0      18.9     3.9      
GHCND:USC00022139 19570218 0.0      13.3     2.8      
GHCND:USC00022139 19570219 8.6      10.0     2.2      
GHCND:USC00022139 19570220 0.0      13.9     -0.6     
GHCND:USC00022139 19570221 1.5      14.4     5.0      
GHCND:USC00022139 19570222 1.0      17.8     5.6      
GHCND:USC00022139 19570223 0.0      14.4     6.7      
GHCND:USC00022139 19570224 0.0      17.2     0.0      
GHCND:USC00022139 19570225 0.0      19.4     0.0      
GHCND:USC00022139 19570226 0.0      18.9     7.8      
GHCND:USC00022139 19570227 0.0      21.1     3.3      
GHCND:USC00022139 19570228 0.0      20.0     3.9      
GHCND:USC00022139 19570301 0.0      16.1     4.4      
GHCND:USC00022139 19570302 0.0      14.4     0.0      
GHCND:USC00022139 19570303 0.0      13.3     0.0      
GHCND:USC00022139 19570304 0.0      15.0     3.9      
GHCND:USC00022139 19570305 0.0      18.3     -0.6     
GHCND:USC00022139 19570306 0.0      21.1     3.3      
GHCND:USC00022139 19570307 0.0      21.7     3.9      
GHCND:USC00022139 19570308 0.0      24.4     3.3      
GHCND:USC00022139 19570309 0.0      21.1     6.7      
GHCND:USC00022139 19570310 7.4      15.6     4.4      
GHCND:USC00022139 19570311 1.0      15.0     1.7      
GHCND:USC00022139 19570312 0.0      18.3     0.0      
GHCND:USC00022139 19570313 0.0      17.2     5.6      
GHCND:USC00022139 19570314 0.0      18.3     0.0      
GHCND:USC00022139 19570315 0.0      19.4     3.9      
GHCND:USC00022139 19570316 0.0      17.8     3.9      
GHCND:USC00022139 19570317 0.0      16.7     5.0      
GHCND:USC00022139 19570318 0.0      16.7     4.4      
GHCND:USC00022139 19570319 15.0     15.6     2.2      
GHCND:USC00022139 19570320 38.6     6.7      0.6      
GHCND:USC00022139 19570321 4.6      13.9     3.9      
GHCND:USC00022139 19570322 0.0      12.8     4.4      
GHCND:USC00022139 19570323 0.0      6.7      -3.3     
GHCND:USC00022139 19570324 0.0      10.0     -1.1     
GHCND:USC00022139 19570325 0.0      17.2     -3.3     
GHCND:USC00022139 19570326 0.0      20.0     0.0      
GHCND:USC00022139 19570327 0.0      20.0     3.9      
GHCND:USC00022139 19570328 0.0      22.2     3.9      
GHCND:USC00022139 19570329 0.0      19.4     7.8      
GHCND:USC00022139 19570330 0.0      18.3     3.3      
GHCND:USC00022139 19570331 0.0      21.1     2.2      
GHCND:USC00022139 19570401 0.0      19.4     8.9      
GHCND:USC00022139 19570402 0.0      15.6     1.7      
GHCND:USC00022139 19570403 0.0      14.4     -2.2     
GHCND:USC00022139 19570404 0.0      18.9     6.1      
GHCND:USC00022139 19570405 0.0      21.7     2.8      
GHCND:USC00022139 19570406 0.0      22.2     4.4      
GHCND:USC00022139 19570407 0.0      21.1     7.2      
GHCND:USC00022139 19570408 0.0      22.8     3.3      
GHCND:USC00022139 19570409 0.0      21.7     7.2      
GHCND:USC00022139 19570410 0.0      22.8     6.7      
GHCND:USC00022139 19570411 0.0      23.3     5.6      
GHCND:USC00022139 19570412 0.0      25.0     8.3      
GHCND:USC00022139 19570413 0.0      26.1     8.9      
GHCND:USC00022139 19570414 0.0      26.1     8.3      
GHCND:USC00022139 19570415 0.0      23.3     8.3      
GHCND:USC00022139 19570416 0.0      22.2     10.0     
GHCND:USC00022139 19570417 0.0      23.9     8.3      
GHCND:USC00022139 19570418 0.0      22.2     5.0      
GHCND:USC00022139 19570419 0.0      19.4     2.2      
GHCND:USC00022139 19570420 0.0      20.6     6.1      
GHCND:USC00022139 19570421 0.0      19.4     4.4      
GHCND:USC00022139 19570422 4.8      11.1     -0.6     
GHCND:USC00022139 19570423 0.0      16.7     0.0      
GHCND:USC00022139 19570424 0.0      20.6     0.6      
GHCND:USC00022139 19570425 0.0      21.1     2.8      
GHCND:USC00022139 19570426 0.0      22.8     5.0      
GHCND:USC00022139 19570427 0.0      23.9     4.4      
GHCND:USC00022139 19570428 0.0      23.9     5.6      
GHCND:USC00022139 19570429 1.0      22.2     7.8      
GHCND:USC00022139 19570430 0.0      24.4     5.6      
GHCND:USC00022139 19570501 0.0      25.6     6.1      
GHCND:USC00022139 19570502 0.0      26.7     7.2      
GHCND:USC00022139 19570503 0.0      27.8     7.2      
GHCND:USC00022139 19570504 0.0      28.3     7.8      
GHCND:USC00022139 19570505 0.0      26.7     8.3      
GHCND:USC00022139 19570506 1.3      23.9     9.4      
GHCND:USC00022139 19570507 0.3      23.3     6.7      
GHCND:USC00022139 19570508 0.0      20.6     6.7      
GHCND:USC00022139 19570509 0.0      22.2     5.6      
GHCND:USC00022139 19570510 0.0      20.0     7.8      
GHCND:USC00022139 19570511 0.8      15.6     3.9      
GHCND:USC00022139 19570512 5.1      15.6     3.3      
GHCND:USC00022139 19570513 0.3      20.6     0.6      
GHCND:USC00022139 19570514 0.0      22.8     5.0      
GHCND:USC00022139 19570515 0.0      20.6     6.7      
GHCND:USC00022139 19570516 0.0      22.8     2.2      
GHCND:USC00022139 19570517 0.0      23.3     6.7      
GHCND:USC00022139 19570518 0.0      25.6     7.2      
GHCND:USC00022139 19570519 0.0      23.9     13.3     
GHCND:USC00022139 19570520 0.0      21.1     10.0     
GHCND:USC00022139 19570521 0.0      20.6     7.2      
GHCND:USC00022139 19570522 0.0      20.0     5.6      
GHCND:USC00022139 19570523 0.0      23.9     6.7      
GHCND:USC00022139 19570524 0.0      21.7     7.8      
GHCND:USC00022139 19570525 0.0      25.6     5.0      
GHCND:USC00022139 19570526 0.0      28.9     10.6     
GHCND:USC00022139 19570527 0.0      29.4     9.4      
GHCND:USC00022139 19570528 0.0      29.4     9.4      
GHCND:USC00022139 19570529 0.0      28.9     11.1     
GHCND:USC00022139 19570530 0.0      28.9     9.4      
GHCND:USC00022139 19570531 0.0      29.4     8.3      
GHCND:USC00022139 19570601 0.0      31.1     10.6     
GHCND:USC00022139 19570602 0.0      29.4     14.4     
GHCND:USC00022139 19570603 0.0      31.1     11.7     
GHCND:USC00022139 19570604 0.0      32.8     13.3     
GHCND:USC00022139 19570605 0.0      33.9     16.7     
GHCND:USC00022139 19570606 0.0      33.3     15.6     
GHCND:USC00022139 19570607 0.0      32.2     15.6     
GHCND:USC00022139 19570608 0.0      28.3     13.3     
GHCND:USC00022139 19570609 0.0      28.3     10.6     
GHCND:USC00022139 19570610 0.0      26.7     13.3     
GHCND:USC00022139 19570611 0.0      24.4     13.3     
GHCND:USC00022139 19570612 0.0      28.9     8.9      
GHCND:USC00022139 19570613 0.0      30.6     16.1     
GHCND:USC00022139 19570614 0.0      30.6     16.1     
GHCND:USC00022139 19570615 0.0      27.2     15.6     
GHCND:USC00022139 19570616 0.0      30.0     13.9     
GHCND:USC00022139 19570617 0.0      32.2     12.8     
GHCND:USC00022139 19570618 0.0      35.6     18.9     
GHCND:USC00022139 19570619 0.0      33.9     15.6     
GHCND:USC00022139 19570620 0.0      33.9     15.0     
GHCND:USC00022139 19570621 0.0      32.2     18.3     
GHCND:USC00022139 19570622 0.0      33.3     16.7     
GHCND:USC00022139 19570623 0.0      37.8     15.0     
GHCND:USC00022139 19570624 0.0      36.1     24.4     
GHCND:USC00022139 19570625 0.0      36.1     21.7     
GHCND:USC00022139 19570626 0.0      37.8     20.6     
GHCND:USC00022139 19570627 0.0      35.6     21.7     
GHCND:USC00022139 19570628 5.6      33.9     20.6     
GHCND:USC00022139 19570629 4.6      33.3     13.9     
GHCND:USC00022139 19570630 1.8      32.2     15.6     
GHCND:USC00022139 19570701 0.0      35.0     15.0     
GHCND:USC00022139 19570702 0.0      36.1     16.1     
GHCND:USC00022139 19570703 0.0      39.4     21.1     
GHCND:USC00022139 19570704 4.6      37.8     20.0     
GHCND:USC00022139 19570705 3.0      37.8     17.8     
GHCND:USC00022139 19570706 3.3      33.9     17.2     
GHCND:USC00022139 19570707 0.0      32.8     16.1     
GHCND:USC00022139 19570708 8.9      32.8     16.7     
GHCND:USC00022139 19570709 10.9     32.2     13.9     
GHCND:USC00022139 19570710 0.0      31.1     13.9     
GHCND:USC00022139 19570711 0.0      30.6     16.1     
GHCND:USC00022139 19570712 0.0      30.0     17.2     
GHCND:USC00022139 19570713 1.0      31.1     17.2     
GHCND:USC00022139 19570714 0.0      31.1     15.6     
GHCND:USC00022139 19570715 9.7      32.8     17.8     
GHCND:USC00022139 19570716 0.0      32.2     15.6     
GHCND:USC00022139 19570717 12.7     28.3     13.9     
GHCND:USC00022139 19570718 4.1      27.8     13.9     
GHCND:USC00022139 19570719 5.3      27.8     14.4     
GHCND:USC00022139 19570720 0.3      30.6     13.3     
GHCND:USC00022139 19570721 1.8      32.2     15.6     
GHCND:USC00022139 19570722 0.0      29.4     15.6     
GHCND:USC00022139 19570723 3.0      30.6     15.6     
GHCND:USC00022139 19570724 0.8      26.7     14.4     
GHCND:USC00022139 19570725 10.2     23.9     14.4     
GHCND:USC00022139 19570726 23.4     26.1     15.6     
GHCND:USC00022139 19570727 0.3      29.4     13.9     
GHCND:USC00022139 19570728 0.5      31.1     15.6     
GHCND:USC00022139 19570729 0.0      33.9     16.7     
GHCND:USC00022139 19570730 0.0      35.0     22.2     
GHCND:USC00022139 19570731 1.0      33.9     18.3     
GHCND:USC00022139 19570801 0.0      28.3     17.2     
GHCND:USC00022139 19570802 0.0      29.4     17.2     
GHCND:USC00022139 19570803 0.0      30.6     16.1     
GHCND:USC00022139 19570804 1.5      25.6     17.8     
GHCND:USC00022139 19570805 0.0      25.6     16.1     
GHCND:USC00022139 19570806 4.6      28.9     13.3     
GHCND:USC00022139 19570807 0.0      30.6     15.6     
GHCND:USC00022139 19570808 21.3     32.8     16.1     
GHCND:USC00022139 19570809 0.0      29.4     15.6     
GHCND:USC00022139 19570810 1.0      28.3     14.4     
GHCND:USC00022139 19570811 2.8      26.1     12.8     
GHCND:USC00022139 19570812 0.0      27.8     13.3     
GHCND:USC00022139 19570813 11.2     28.9     13.9     
GHCND:USC00022139 19570814 11.7     27.8     15.0     
GHCND:USC00022139 19570815 0.5      28.9     15.6     
GHCND:USC00022139 19570816 0.0      30.0     15.6     
GHCND:USC00022139 19570817 0.3      29.4     16.7     
GHCND:USC00022139 19570818 8.9      27.8     12.8     
GHCND:USC00022139 19570819 1.0      27.8     15.6     
GHCND:USC00022139 19570820 31.5     27.2     13.9     
GHCND:USC00022139 19570821 0.0      28.3     13.9     
GHCND:USC00022139 19570822 0.0      28.3     15.6     
GHCND:USC00022139 19570823 2.3      28.3     15.0     
GHCND:USC00022139 19570824 4.3      29.4     14.4     
GHCND:USC00022139 19570825 0.0      30.0     15.6     
GHCND:USC00022139 19570826 0.0      31.1     15.0     
GHCND:USC00022139 19570827 0.0      29.4     16.1     
GHCND:USC00022139 19570828 0.8      29.4     14.4     
GHCND:USC00022139 19570829 14.2     29.4     15.6     
GHCND:USC00022139 19570830 0.0      26.1     15.6     
GHCND:USC00022139 19570831 6.9      26.1     12.8     
GHCND:USC00022139 19570901 0.8      26.7     10.0     
GHCND:USC00022139 19570902 0.0      28.3     13.3     
GHCND:USC00022139 19570903 0.0      30.0     13.3     
GHCND:USC00022139 19570904 0.0      31.1     13.9     
GHCND:USC00022139 19570905 0.0      32.2     15.6     
GHCND:USC00022139 19570906 0.0      30.6     13.9     
GHCND:USC00022139 19570907 0.0      31.1     13.9     
GHCND:USC00022139 19570908 5.3      30.6     12.8     
GHCND:USC00022139 19570909 0.0      30.0     20.6     
GHCND:USC00022139 19570910 0.0      30.0     17.2     
GHCND:USC00022139 19570911 0.0      30.0     15.6     
GHCND:USC00022139 19570912 0.0      29.4     12.8     
GHCND:USC00022139 19570913 0.0      29.4     13.3     
GHCND:USC00022139 19570914 0.0      30.0     11.1     
GHCND:USC00022139 19570915 0.0      31.1     11.7     
GHCND:USC00022139 19570916 0.0      32.2     11.7     
GHCND:USC00022139 19570917 0.0      30.0     13.9     
GHCND:USC00022139 19570918 0.0      28.3     12.8     
GHCND:USC00022139 19570919 0.0      27.8     8.3      
GHCND:USC00022139 19570920 0.0      27.8     9.4      
GHCND:USC00022139 19570921 0.0      28.3     9.4      
GHCND:USC00022139 19570922 0.0      27.8     11.1     
GHCND:USC00022139 19570923 0.0      26.7     13.3     
GHCND:USC00022139 19570924 0.0      30.0     10.6     
GHCND:USC00022139 19570925 0.0      27.8     9.4      
GHCND:USC00022139 19570926 0.0      28.9     10.0     
GHCND:USC00022139 19570927 0.0      30.6     9.4      
GHCND:USC00022139 19570928 0.0      29.4     11.1     
GHCND:USC00022139 19570929 0.0      28.3     11.1     
GHCND:USC00022139 19570930 0.0      28.9     10.0     
GHCND:USC00022139 19571001 0.0      29.4     10.0     
GHCND:USC00022139 19571002 0.0      29.4     11.7     
GHCND:USC00022139 19571003 0.0      23.3     12.8     
GHCND:USC00022139 19571004 0.0      21.7     12.8     
GHCND:USC00022139 19571005 1.0      19.4     12.2     
GHCND:USC00022139 19571006 2.3      23.9     11.7     
GHCND:USC00022139 19571007 0.0      24.4     7.2      
GHCND:USC00022139 19571008 0.0      26.1     8.3      
GHCND:USC00022139 19571009 0.0      26.7     8.9      
GHCND:USC00022139 19571010 0.0      26.7     12.2     
GHCND:USC00022139 19571011 0.0      23.3     11.7     
GHCND:USC00022139 19571012 14.2     19.4     6.1      
GHCND:USC00022139 19571013 6.6      15.0     2.8      
GHCND:USC00022139 19571014 3.3      12.8     8.3      
GHCND:USC00022139 19571015 0.5      18.3     5.0      
GHCND:USC00022139 19571016 2.3      20.6     7.8      
GHCND:USC00022139 19571017 0.0      22.2     7.2      
GHCND:USC00022139 19571018 0.0      24.4     7.8      
GHCND:USC00022139 19571019 0.0      22.8     7.2      
GHCND:USC00022139 19571020 0.0      21.1     9.4      
GHCND:USC00022139 19571021 0.0      20.0     10.6     
GHCND:USC00022139 19571022 5.1      15.6     5.6      
GHCND:USC00022139 19571023 0.0      18.9     0.6      
GHCND:USC00022139 19571024 0.0      22.8     1.7      
GHCND:USC00022139 19571025 0.0      21.1     4.4      
GHCND:USC00022139 19571026 0.0      16.1     6.1      
GHCND:USC00022139 19571027 0.0      17.2     5.6      
GHCND:USC00022139 19571028 10.4     16.7     6.1      
GHCND:USC00022139 19571029 0.0      17.8     7.2      
GHCND:USC00022139 19571030 0.0      20.0     7.2      
GHCND:USC00022139 19571031 21.6     17.8     10.0     
GHCND:USC00022139 19571101 0.0      17.8     5.6      
GHCND:USC00022139 19571102 0.0      17.8     4.4      
GHCND:USC00022139 19571103 0.0      17.2     8.3      
GHCND:USC00022139 19571104 0.0      16.7     6.7      
GHCND:USC00022139 19571105 0.0      15.0     2.2      
GHCND:USC00022139 19571106 0.0      15.6     3.9      
GHCND:USC00022139 19571107 0.0      13.9     -3.3     
GHCND:USC00022139 19571108 0.0      17.2     -1.1     
GHCND:USC00022139 19571109 0.0      17.2     -0.6     
GHCND:USC00022139 19571110 0.0      15.0     0.0      
GHCND:USC00022139 19571111 0.0      16.7     -0.6     
GHCND:USC00022139 19571112 0.0      18.3     2.2      
GHCND:USC00022139 19571113 0.0      16.1     -1.1     
GHCND:USC00022139 19571114 0.0      16.7     1.7      
GHCND:USC00022139 19571115 0.0      15.0     2.8      
GHCND:USC00022139 19571116 0.0      11.7     2.8      
GHCND:USC00022139 19571117 3.8      8.3      0.6      
GHCND:USC00022139 19571118 1.3      10.0     -5.6     
GHCND:USC00022139 19571119 0.0      18.9     -2.2     
GHCND:USC00022139 19571120 0.0      18.3     1.1      
GHCND:USC00022139 19571121 0.0      16.1     3.3      
GHCND:USC00022139 19571122 5.3      16.1     -6.7     
GHCND:USC00022139 19571123 0.0      7.8      -8.9     
GHCND:USC00022139 19571124 0.0      13.3     -3.9     
GHCND:USC00022139 19571125 0.0      16.1     1.1      
GHCND:USC00022139 19571126 0.0      18.3     2.8      
GHCND:USC00022139 19571127 0.0      15.6     0.0      
GHCND:USC00022139 19571128 0.0      15.0     -3.3     
GHCND:USC00022139 19571129 0.0      15.6     -3.3     
GHCND:USC00022139 19571130 0.0      8.9      -1.1     
GHCND:USC00022139 19571201 0.0      15.0     -6.7     
GHCND:USC00022139 19571202 0.0      14.4     -2.8     
GHCND:USC00022139 19571203 0.0      17.8     -6.7     
GHCND:USC00022139 19571204 0.0      15.6     3.9      
GHCND:USC00022139 19571205 9.9      16.7     4.4      
GHCND:USC00022139 19571206 4.6      10.0     1.7      
GHCND:USC00022139 19571207 0.0      14.4     -4.4     
GHCND:USC00022139 19571208 0.0      14.4     1.7      
GHCND:USC00022139 19571209 0.0      16.7     5.6      
GHCND:USC00022139 19571210 0.0      18.3     -1.1     
GHCND:USC00022139 19571211 0.0      11.1     1.7      
GHCND:USC00022139 19571212 0.0      17.8     -3.9     
GHCND:USC00022139 19571213 0.0      18.3     3.3      
GHCND:USC00022139 19571214 0.0      17.2     2.8      
GHCND:USC00022139 19571215 0.8      15.6     6.7      
GHCND:USC00022139 19571216 0.8      18.3     4.4      
GHCND:USC00022139 19571217 0.0      16.7     7.8      
GHCND:USC00022139 19571218 0.0      16.1     3.3      
GHCND:USC00022139 19571219 0.0      14.4     -2.2     
GHCND:USC00022139 19571220 0.0      17.2     -2.2     
GHCND:USC00022139 19571221 0.0      18.3     0.6      
GHCND:USC00022139 19571222 0.0      17.2     2.2      
GHCND:USC00022139 19571223 0.0      16.7     2.8      
GHCND:USC00022139 19571224 0.0      -9999    1.1      
GHCND:USC00022139 19571225 0.0      14.4     -9999    
GHCND:USC00022139 19571226 0.0      16.1     3.3      
GHCND:USC00022139 19571227 0.0      16.1     3.9      
GHCND:USC00022139 19571228 0.0      18.3     -1.7     
GHCND:USC00022139 19571229 0.0      18.9     0.0      
GHCND:USC00022139 19571230 0.0      18.3     2.8      
GHCND:USC00022139 19571231 0.0      16.1     1.7      
GHCND:USC00022139 19580101 0.0      16.1     1.7      
GHCND:USC00022139 19580102 0.0      15.6     -3.9     
GHCND:USC00022139 19580103 0.0      13.9     -0.6     
GHCND:USC00022139 19580104 0.0      10.6     -3.3     
GHCND:USC00022139 19580105 0.5      6.7      -1.7     
GHCND:USC00022139 19580106 0.0      9.4      -1.7     
GHCND:USC00022139 19580107 0.0      11.7     2.2      
GHCND:USC00022139 19580108 0.0      16.1     -2.8     
GHCND:USC00022139 19580109 0.0      15.6     -2.2     
GHCND:USC00022139 19580110 0.0      -9999    -9999    
GHCND:USC00022139 19580111 0.0      15.0     -2.2     
GHCND:USC00022139 19580112 0.0      11.7     -4.4     
GHCND:USC00022139 19580113 0.0      14.4     -2.2     
GHCND:USC00022139 19580114 0.0      12.8     -6.1     
GHCND:USC00022139 19580115 0.0      10.6     -2.8     
GHCND:USC00022139 19580116 0.0      13.3     -2.2     
GHCND:USC00022139 19580117 3.0      10.0     2.2      
GHCND:USC00022139 19580118 0.0      10.6     -6.1     
GHCND:USC00022139 19580119 0.0      10.0     -6.7     
GHCND:USC00022139 19580120 0.0      10.0     -7.2     
GHCND:USC00022139 19580121 0.0      6.7      -3.3     
GHCND:USC00022139 19580122 0.0      11.7     -7.8     
GHCND:USC00022139 19580123 0.0      15.0     -5.6     
GHCND:USC00022139 19580124 0.0      15.6     -5.6     
GHCND:USC00022139 19580125 0.0      15.6     -6.1     
GHCND:USC00022139 19580126 0.0      15.0     0.0      
GHCND:USC00022139 19580127 0.0      11.1     0.0      
GHCND:USC00022139 19580128 0.0      14.4     -3.3     
GHCND:USC00022139 19580129 0.0      17.8     -1.7     
GHCND:USC00022139 19580130 0.0      19.4     2.2      
GHCND:USC00022139 19580131 0.0      15.6     -4.4     
GHCND:USC00022139 19580201 0.0      16.1     0.0      
GHCND:USC00022139 19580202 0.0      16.7     -2.2     
GHCND:USC00022139 19580203 0.0      15.6     -3.9     
GHCND:USC00022139 19580204 14.0     12.8     4.4      
GHCND:USC00022139 19580205 10.9     9.4      2.8      
GHCND:USC00022139 19580206 0.0      15.6     -3.3     
GHCND:USC00022139 19580207 0.0      18.9     0.0      
GHCND:USC00022139 19580208 1.0      15.6     0.6      
GHCND:USC00022139 19580209 0.0      14.4     2.2      
GHCND:USC00022139 19580210 0.0      16.1     1.1      
GHCND:USC00022139 19580211 0.0      14.4     -3.3     
GHCND:USC00022139 19580212 0.0      13.9     -3.3     
GHCND:USC00022139 19580213 0.0      14.4     0.6      
GHCND:USC00022139 19580214 0.0      15.0     -0.6     
GHCND:USC00022139 19580215 0.0      18.9     -2.8     
GHCND:USC00022139 19580216 0.0      21.1     0.6      
GHCND:USC00022139 19580217 0.0      22.2     0.6      
GHCND:USC00022139 19580218 0.0      22.2     3.9      
GHCND:USC00022139 19580219 0.0      20.0     6.7      
GHCND:USC00022139 19580220 3.6      15.6     3.9      
GHCND:USC00022139 19580221 0.8      13.3     2.8      
GHCND:USC00022139 19580222 7.1      14.4     2.2      
GHCND:USC00022139 19580223 6.9      13.3     3.9      
GHCND:USC00022139 19580224 0.0      16.7     2.8      
GHCND:USC00022139 19580225 0.0      15.0     -1.7     
GHCND:USC00022139 19580226 6.6      12.2     -5.6     
GHCND:USC00022139 19580227 0.0      10.6     -4.4     
GHCND:USC00022139 19580228 0.0      9.4      -6.1     
GHCND:USC00022139 19580301 0.0      7.2      -3.9     
GHCND:USC00022139 19580302 3.3      8.3      -3.3     
GHCND:USC00022139 19580303 1.0      7.2      -1.1     
GHCND:USC00022139 19580304 22.6     8.3      0.0      
GHCND:USC00022139 19580305 0.0      11.1     1.1      
GHCND:USC00022139 19580306 1.8      8.9      0.6      
GHCND:USC00022139 19580307 22.9     7.2      -1.7     
GHCND:USC00022139 19580308 3.3      10.6     -10.0    
GHCND:USC00022139 19580309 0.0      10.0     -0.6     
GHCND:USC00022139 19580310 0.0      12.8     -5.0     
GHCND:USC00022139 19580311 1.3      10.6     -0.6     
GHCND:USC00022139 19580312 14.2     3.9      -0.6     
GHCND:USC00022139 19580313 1.5      10.6     -3.3     
GHCND:USC00022139 19580314 0.0      15.0     -0.6     
GHCND:USC00022139 19580315 0.0      17.8     0.0      
GHCND:USC00022139 19580316 0.0      17.8     3.9      
GHCND:USC00022139 19580317 6.6      13.9     6.7      
GHCND:USC00022139 19580318 0.0      -9999    -9999    
GHCND:USC00022139 19580319 0.0      17.2     0.0      
GHCND:USC00022139 19580320 0.0      18.9     3.3      
GHCND:USC00022139 19580321 0.0      18.9     1.1      
GHCND:USC00022139 19580322 30.2     17.2     5.0      
GHCND:USC00022139 19580323 0.0      16.7     0.6      
GHCND:USC00022139 19580324 1.0      15.6     4.4      
GHCND:USC00022139 19580325 0.0      16.7     -1.1     
GHCND:USC00022139 19580326 0.0      15.0     3.9      
GHCND:USC00022139 19580327 0.0      18.3     3.3      
GHCND:USC00022139 19580328 2.0      16.7     3.3      
GHCND:USC00022139 19580329 0.0      15.6     2.8      
GHCND:USC00022139 19580330 0.0      18.9     0.6      
GHCND:USC00022139 19580331 0.0      17.2     3.9      
GHCND:USC00022139 19580401 0.0      16.7     3.3      
GHCND:USC00022139 19580402 0.5      13.9     0.6      
GHCND:USC00022139 19580403 0.0      17.2     5.0      
GHCND:USC00022139 19580404 3.3      13.9     1.1      
GHCND:USC00022139 19580405 0.0      13.9     -3.3     
GHCND:USC00022139 19580406 0.0      21.7     0.0      
GHCND:USC00022139 19580407 0.0      25.0     3.3      
GHCND:USC00022139 19580408 12.2     12.8     -3.3     
GHCND:USC00022139 19580409 0.5      14.4     -1.1     
GHCND:USC00022139 19580410 0.0      19.4     0.6      
GHCND:USC00022139 19580411 0.0      25.6     1.7      
GHCND:USC00022139 19580412 0.0      18.9     -0.6     
GHCND:USC00022139 19580413 0.0      17.8     1.1      
GHCND:USC00022139 19580414 0.0      20.0     5.6      
GHCND:USC00022139 19580415 0.0      23.3     3.3      
GHCND:USC00022139 19580416 11.4     19.4     8.3      
GHCND:USC00022139 19580417 0.0      22.8     6.1      
GHCND:USC00022139 19580418 0.0      27.8     6.1      
GHCND:USC00022139 19580419 0.0      26.7     7.2      
GHCND:USC00022139 19580420 0.0      28.3     11.1     
GHCND:USC00022139 19580421 0.0      29.4     9.4      
GHCND:USC00022139 19580422 0.0      27.2     2.2      
GHCND:USC00022139 19580423 0.0      24.4     3.9      
GHCND:USC00022139 19580424 0.0      22.8     9.4      
GHCND:USC00022139 19580425 0.0      22.8     8.3      
GHCND:USC00022139 19580426 0.0      23.3     5.0      
GHCND:USC00022139 19580427 0.0      30.6     5.6      
GHCND:USC00022139 19580428 0.0      23.9     5.0      
GHCND:USC00022139 19580429 0.0      23.9     7.8      
GHCND:USC00022139 19580430 0.0      22.2     8.3      
GHCND:USC00022139 19580501 0.0      21.1     4.4      
GHCND:USC00022139 19580502 0.0      21.1     6.1      
GHCND:USC00022139 19580503 0.0      23.3     5.0      
GHCND:USC00022139 19580504 0.0      26.7     11.1     
GHCND:USC00022139 19580505 0.0      28.9     8.3      
GHCND:USC00022139 19580506 0.0      29.4     11.1     
GHCND:USC00022139 19580507 0.0      27.2     13.3     
GHCND:USC00022139 19580508 0.0      23.3     10.0     
GHCND:USC00022139 19580509 0.0      26.1     7.2      
GHCND:USC00022139 19580510 0.0      27.2     9.4      
GHCND:USC00022139 19580511 0.0      25.0     6.7      
GHCND:USC00022139 19580512 0.0      25.6     -0.6     
GHCND:USC00022139 19580513 0.0      25.0     6.1      
GHCND:USC00022139 19580514 0.0      27.2     6.1      
GHCND:USC00022139 19580515 0.0      29.4     7.8      
GHCND:USC00022139 19580516 0.0      29.4     10.0     
GHCND:USC00022139 19580517 0.0      30.0     10.6     
GHCND:USC00022139 19580518 0.0      31.1     11.1     
GHCND:USC00022139 19580519 0.0      30.6     12.2     
GHCND:USC00022139 19580520 0.0      27.8     11.7     
GHCND:USC00022139 19580521 0.0      29.4     11.1     
GHCND:USC00022139 19580522 0.0      31.7     12.8     
GHCND:USC00022139 19580523 0.0      32.2     12.8     
GHCND:USC00022139 19580524 0.0      33.3     13.9     
GHCND:USC00022139 19580525 0.0      34.4     13.3     
GHCND:USC00022139 19580526 0.0      33.3     15.0     
GHCND:USC00022139 19580527 0.0      36.1     15.6     
GHCND:USC00022139 19580528 0.0      38.3     16.1     
GHCND:USC00022139 19580529 0.0      35.0     14.4     
GHCND:USC00022139 19580530 0.0      33.3     18.3     
GHCND:USC00022139 19580531 0.0      29.4     15.0     
GHCND:USC00022139 19580601 0.0      31.1     12.2     
GHCND:USC00022139 19580602 0.0      32.8     12.2     
GHCND:USC00022139 19580603 0.0      32.8     12.2     
GHCND:USC00022139 19580604 0.0      33.3     14.4     
GHCND:USC00022139 19580605 1.0      33.3     16.7     
GHCND:USC00022139 19580606 3.6      33.3     13.9     
GHCND:USC00022139 19580607 0.0      31.7     13.3     
GHCND:USC00022139 19580608 0.0      30.0     15.0     
GHCND:USC00022139 19580609 0.0      30.0     15.0     
GHCND:USC00022139 19580610 0.0      30.6     13.9     
GHCND:USC00022139 19580611 0.0      30.0     13.3     
GHCND:USC00022139 19580612 0.0      30.6     16.7     
GHCND:USC00022139 19580613 0.0      31.7     16.1     
GHCND:USC00022139 19580614 0.0      33.9     15.0     
GHCND:USC00022139 19580615 0.0      32.8     16.1     
GHCND:USC00022139 19580616 0.0      31.7     15.6     
GHCND:USC00022139 19580617 1.0      32.2     17.2     
GHCND:USC00022139 19580618 0.0      34.4     15.0     
GHCND:USC00022139 19580619 0.0      35.0     21.1     
GHCND:USC00022139 19580620 15.7     26.7     15.6     
GHCND:USC00022139 19580621 19.8     24.4     15.6     
GHCND:USC00022139 19580622 0.3      33.3     15.0     
GHCND:USC00022139 19580623 0.0      31.1     16.1     
GHCND:USC00022139 19580624 0.0      33.3     16.7     
GHCND:USC00022139 19580625 0.0      34.4     17.8     
GHCND:USC00022139 19580626 0.0      34.4     17.2     
GHCND:USC00022139 19580627 0.0      35.0     16.7     
GHCND:USC00022139 19580628 0.0      35.0     18.3     
GHCND:USC00022139 19580629 0.0      33.3     18.3     
GHCND:USC00022139 19580630 21.6     30.6     13.3     
GHCND:USC00022139 19580701 4.6      30.6     14.4     
GHCND:USC00022139 19580702 3.6      28.9     15.0     
GHCND:USC00022139 19580703 0.0      30.0     15.0     
GHCND:USC00022139 19580704 0.0      31.7     15.6     
GHCND:USC00022139 19580705 17.3     30.6     15.6     
GHCND:USC00022139 19580706 0.5      29.4     13.9     
GHCND:USC00022139 19580707 0.0      33.3     15.0     
GHCND:USC00022139 19580708 0.0      33.3     13.3     
GHCND:USC00022139 19580709 0.0      35.0     15.0     
GHCND:USC00022139 19580710 0.0      36.7     16.1     
GHCND:USC00022139 19580711 0.0      37.8     17.8     
GHCND:USC00022139 19580712 0.0      35.6     18.9     
GHCND:USC00022139 19580713 0.0      34.4     21.1     
GHCND:USC00022139 19580714 2.8      33.9     19.4     
GHCND:USC00022139 19580715 6.4      30.6     15.6     
GHCND:USC00022139 19580716 0.0      29.4     15.6     
GHCND:USC00022139 19580717 0.8      28.9     15.6     
GHCND:USC00022139 19580718 41.4     23.9     15.0     
GHCND:USC00022139 19580719 0.0      26.7     15.6     
GHCND:USC00022139 19580720 0.0      30.0     14.4     
GHCND:USC00022139 19580721 0.0      31.7     13.9     
GHCND:USC00022139 19580722 0.0      32.2     13.9     
GHCND:USC00022139 19580723 0.0      33.9     16.7     
GHCND:USC00022139 19580724 17.0     28.3     13.3     
GHCND:USC00022139 19580725 0.0      30.0     16.1     
GHCND:USC00022139 19580726 1.3      29.4     13.3     
GHCND:USC00022139 19580727 0.0      31.1     14.4     
GHCND:USC00022139 19580728 9.7      29.4     15.0     
GHCND:USC00022139 19580729 32.5     20.6     15.6     
GHCND:USC00022139 19580730 0.3      30.0     14.4     
GHCND:USC00022139 19580731 39.4     27.2     11.1     
GHCND:USC00022139 19580801 0.0      30.0     16.1     
GHCND:USC00022139 19580802 0.0      33.9     15.6     
GHCND:USC00022139 19580803 0.0      30.6     14.4     
GHCND:USC00022139 19580804 2.0      30.6     15.6     
GHCND:USC00022139 19580805 69.1     28.3     13.9     
GHCND:USC00022139 19580806 2.0      28.3     16.1     
GHCND:USC00022139 19580807 0.0      28.9     15.0     
GHCND:USC00022139 19580808 1.8      28.9     14.4     
GHCND:USC00022139 19580809 0.0      30.6     17.2     
GHCND:USC00022139 19580810 0.0      31.7     18.9     
GHCND:USC00022139 19580811 29.2     29.4     13.9     
GHCND:USC00022139 19580812 10.2     28.3     15.0     
GHCND:USC00022139 19580813 0.5      29.4     15.6     
GHCND:USC00022139 19580814 8.4      29.4     14.4     
GHCND:USC00022139 19580815 4.3      28.3     13.9     
GHCND:USC00022139 19580816 18.0     27.8     13.9     
GHCND:USC00022139 19580817 8.4      27.2     12.8     
GHCND:USC00022139 19580818 1.3      27.8     15.0     
GHCND:USC00022139 19580819 1.5      27.2     15.0     
GHCND:USC00022139 19580820 0.0      28.3     15.0     
GHCND:USC00022139 19580821 6.1      26.1     15.0     
GHCND:USC00022139 19580822 0.0      27.8     16.1     
GHCND:USC00022139 19580823 0.8      25.6     16.1     
GHCND:USC00022139 19580824 3.3      27.2     15.6     
GHCND:USC00022139 19580825 0.3      28.9     16.1     
GHCND:USC00022139 19580826 0.0      28.9     13.3     
GHCND:USC00022139 19580827 0.0      29.4     12.8     
GHCND:USC00022139 19580828 0.3      28.3     13.9     
GHCND:USC00022139 19580829 2.0      27.8     15.0     
GHCND:USC00022139 19580830 0.8      28.9     14.4     
GHCND:USC00022139 19580831 0.0      30.6     16.1     
GHCND:USC00022139 19580901 7.4      30.6     12.8     
GHCND:USC00022139 19580902 0.0      37.8     15.0     
GHCND:USC00022139 19580903 0.0      29.4     16.7     
GHCND:USC00022139 19580904 1.0      28.9     16.1     
GHCND:USC00022139 19580905 0.0      29.4     13.9     
GHCND:USC00022139 19580906 0.0      29.4     14.4     
GHCND:USC00022139 19580907 0.0      28.9     15.0     
GHCND:USC00022139 19580908 0.0      29.4     16.7     
GHCND:USC00022139 19580909 0.0      26.1     15.0     
GHCND:USC00022139 19580910 27.9     25.6     15.6     
GHCND:USC00022139 19580911 4.6      24.4     16.7     
GHCND:USC00022139 19580912 12.2     23.9     16.1     
GHCND:USC00022139 19580913 9.9      25.6     15.6     
GHCND:USC00022139 19580914 0.0      25.6     9.4      
GHCND:USC00022139 19580915 0.0      26.7     10.6     
GHCND:USC00022139 19580916 0.0      27.2     12.2     
GHCND:USC00022139 19580917 0.0      27.2     12.2     
GHCND:USC00022139 19580918 0.0      29.4     12.2     
GHCND:USC00022139 19580919 0.0      34.4     12.8     
GHCND:USC00022139 19580920 0.0      30.0     11.7     
GHCND:USC00022139 19580921 0.0      28.9     12.2     
GHCND:USC00022139 19580922 31.2     23.3     14.4     
GHCND:USC00022139 19580923 34.8     21.7     12.2     
GHCND:USC00022139 19580924 0.0      22.2     11.7     
GHCND:USC00022139 19580925 0.0      22.2     8.3      
GHCND:USC00022139 19580926 1.3      20.6     8.9      
GHCND:USC00022139 19580927 0.0      24.4     6.7      
GHCND:USC00022139 19580928 0.0      27.8     12.2     
GHCND:USC00022139 19580929 0.0      22.8     8.3      
GHCND:USC00022139 19580930 0.0      23.9     8.9      
GHCND:USC00022139 19581001 0.0      27.2     15.0     
GHCND:USC00022139 19581002 0.0      26.1     15.0     
GHCND:USC00022139 19581003 0.0      22.8     10.6     
GHCND:USC00022139 19581004 5.1      23.3     12.2     
GHCND:USC00022139 19581005 31.8     17.8     12.2     
GHCND:USC00022139 19581006 4.6      21.7     11.7     
GHCND:USC00022139 19581007 0.0      24.4     8.3      
GHCND:USC00022139 19581008 0.0      24.4     7.8      
GHCND:USC00022139 19581009 0.0      26.1     8.3      
GHCND:USC00022139 19581010 0.0      25.6     8.9      
GHCND:USC00022139 19581011 0.0      23.9     8.3      
GHCND:USC00022139 19581012 0.0      25.0     10.0     
GHCND:USC00022139 19581013 0.0      24.4     11.1     
GHCND:USC00022139 19581014 0.8      23.9     7.8      
GHCND:USC00022139 19581015 0.0      26.7     12.8     
GHCND:USC00022139 19581016 0.0      27.8     12.8     
GHCND:USC00022139 19581017 0.0      23.3     8.9      
GHCND:USC00022139 19581018 0.0      25.6     11.7     
GHCND:USC00022139 19581019 0.0      20.0     10.0     
GHCND:USC00022139 19581020 0.0      25.0     7.8      
GHCND:USC00022139 19581021 1.3      20.6     12.8     
GHCND:USC00022139 19581022 6.6      21.1     11.1     
GHCND:USC00022139 19581023 0.0      23.3     8.3      
GHCND:USC00022139 19581024 0.0      22.2     9.4      
GHCND:USC00022139 19581025 0.0      21.1     7.8      
GHCND:USC00022139 19581026 0.0      21.1     7.2      
GHCND:USC00022139 19581027 0.0      21.7     5.6      
GHCND:USC00022139 19581028 0.0      20.6     4.4      
GHCND:USC00022139 19581029 2.0      17.2     7.2      
GHCND:USC00022139 19581030 0.0      10.0     1.1      
GHCND:USC00022139 19581031 0.0      13.3     0.0      
GHCND:USC00022139 19581101 0.0      17.8     -0.6     
GHCND:USC00022139 19581102 0.0      16.7     0.0      
GHCND:USC00022139 19581103 0.0      18.9     1.1      
GHCND:USC00022139 19581104 0.0      21.1     1.1      
GHCND:USC00022139 19581105 0.0      25.6     1.7      
GHCND:USC00022139 19581106 0.0      23.3     2.8      
GHCND:USC00022139 19581107 0.0      21.7     5.0      
GHCND:USC00022139 19581108 0.0      23.3     3.9      
GHCND:USC00022139 19581109 0.0      23.3     4.4      
GHCND:USC00022139 19581110 0.0      21.7     6.1      
GHCND:USC00022139 19581111 0.0      19.4     10.0     
GHCND:USC00022139 19581112 0.0      22.2     5.0      
GHCND:USC00022139 19581113 0.0      15.0     0.6      
GHCND:USC00022139 19581114 0.0      19.4     -0.6     
GHCND:USC00022139 19581115 0.0      15.0     6.1      
GHCND:USC00022139 19581116 -9999    12.2     -2.8     
GHCND:USC00022139 19581117 -9999    5.0      -11.1    
GHCND:USC00022139 19581118 0.0      7.8      -8.9     
GHCND:USC00022139 19581119 0.0      12.8     0.6      
GHCND:USC00022139 19581120 0.0      18.9     -2.2     
GHCND:USC00022139 19581121 0.0      21.1     -1.1     
GHCND:USC00022139 19581122 0.0      22.2     8.9      
GHCND:USC00022139 19581123 0.0      24.4     10.0     
GHCND:USC00022139 19581124 0.0      21.1     6.1      
GHCND:USC00022139 19581125 0.0      20.0     10.0     
GHCND:USC00022139 19581126 0.3      15.6     9.4      
GHCND:USC00022139 19581127 0.8      14.4     8.3      
GHCND:USC00022139 19581128 0.0      12.8     2.8      
GHCND:USC00022139 19581129 0.3      9.4      3.3      
GHCND:USC00022139 19581130 0.0      15.6     0.0      
GHCND:USC00022139 19581201 0.0      15.6     1.1      
GHCND:USC00022139 19581202 0.0      18.9     2.2      
GHCND:USC00022139 19581203 0.0      21.7     1.7      
GHCND:USC00022139 19581204 0.0      24.4     8.9      
GHCND:USC00022139 19581205 0.0      25.0     7.2      
GHCND:USC00022139 19581206 0.0      21.7     2.2      
GHCND:USC00022139 19581207 0.0      22.2     2.2      
GHCND:USC00022139 19581208 0.0      18.3     3.9      
GHCND:USC00022139 19581209 0.0      19.4     1.1      
GHCND:USC00022139 19581210 0.0      21.1     2.2      
GHCND:USC00022139 19581211 0.0      20.6     2.8      
GHCND:USC00022139 19581212 0.0      20.0     3.9      
GHCND:USC00022139 19581213 0.0      19.4     1.7      
GHCND:USC00022139 19581214 0.0      16.1     0.6      
GHCND:USC00022139 19581215 0.0      16.7     -1.1     
GHCND:USC00022139 19581216 0.0      17.2     -2.8     
GHCND:USC00022139 19581217 0.0      19.4     -1.7     
GHCND:USC00022139 19581218 0.0      17.2     -1.1     
GHCND:USC00022139 19581219 0.0      17.8     0.0      
GHCND:USC00022139 19581220 0.0      15.6     0.0      
GHCND:USC00022139 19581221 0.0      17.8     0.0      
GHCND:USC00022139 19581222 0.0      15.6     4.4      
GHCND:USC00022139 19581223 0.0      14.4     1.1      
GHCND:USC00022139 19581224 0.0      15.6     -0.6     
GHCND:USC00022139 19581225 0.0      14.4     0.6      
GHCND:USC00022139 19581226 0.0      16.7     -2.2     
GHCND:USC00022139 19581227 0.0      17.2     -1.7     
GHCND:USC00022139 19581228 0.0      14.4     1.1      
GHCND:USC00022139 19581229 0.0      8.9      -5.6     
GHCND:USC00022139 19581230 0.0      3.3      -11.7    
GHCND:USC00022139 19581231 0.0      5.0      -8.3     
GHCND:USC00022139 19590101 0.0      13.3     -5.0     
GHCND:USC00022139 19590102 0.0      11.7     1.7      
GHCND:USC00022139 19590103 0.0      10.0     0.6      
GHCND:USC00022139 19590104 0.0      14.4     -0.6     
GHCND:USC00022139 19590105 0.0      15.6     -2.2     
GHCND:USC00022139 19590106 0.0      11.1     0.0      
GHCND:USC00022139 19590107 0.0      12.2     -1.1     
GHCND:USC00022139 19590108 0.0      14.4     -0.6     
GHCND:USC00022139 19590109 0.0      15.6     -1.1     
GHCND:USC00022139 19590110 0.0      18.9     -0.6     
GHCND:USC00022139 19590111 0.0      19.4     5.0      
GHCND:USC00022139 19590112 0.0      19.4     5.0      
GHCND:USC00022139 19590113 0.0      18.3     6.1      
GHCND:USC00022139 19590114 0.0      16.7     0.6      
GHCND:USC00022139 19590115 0.0      17.8     -0.6     
GHCND:USC00022139 19590116 0.0      19.4     -0.6     
GHCND:USC00022139 19590117 0.0      21.1     1.7      
GHCND:USC00022139 19590118 0.0      22.2     3.3      
GHCND:USC00022139 19590119 0.0      18.9     1.1      
GHCND:USC00022139 19590120 0.8      11.1     3.3      
GHCND:USC00022139 19590121 0.0      11.1     -6.7     
GHCND:USC00022139 19590122 0.0      15.6     -3.3     
GHCND:USC00022139 19590123 0.0      18.3     -0.6     
GHCND:USC00022139 19590124 0.0      19.4     0.0      
GHCND:USC00022139 19590125 0.0      18.9     -1.1     
GHCND:USC00022139 19590126 0.0      17.8     3.3      
GHCND:USC00022139 19590127 0.0      18.3     -0.6     
GHCND:USC00022139 19590128 0.0      17.2     -6.1     
GHCND:USC00022139 19590129 0.0      16.7     -2.8     
GHCND:USC00022139 19590130 0.0      15.0     1.7      
GHCND:USC00022139 19590131 0.0      15.0     -6.1     
GHCND:USC00022139 19590201 0.0      14.4     1.7      
GHCND:USC00022139 19590202 0.0      10.6     -3.3     
GHCND:USC00022139 19590203 1.0      7.2      -6.1     
GHCND:USC00022139 19590204 0.0      12.8     -8.9     
GHCND:USC00022139 19590205 0.0      15.6     -3.3     
GHCND:USC00022139 19590206 0.0      17.8     -2.2     
GHCND:USC00022139 19590207 0.0      15.0     -5.6     
GHCND:USC00022139 19590208 0.0      11.1     2.2      
GHCND:USC00022139 19590209 34.0     6.7      -6.1     
GHCND:USC00022139 19590210 0.0      12.2     -10.6    
GHCND:USC00022139 19590211 0.0      13.3     -4.4     
GHCND:USC00022139 19590212 0.0      12.8     -2.8     
GHCND:USC00022139 19590213 0.0      13.3     -2.2     
GHCND:USC00022139 19590214 0.0      17.8     -2.2     
GHCND:USC00022139 19590215 0.0      20.0     0.0      
GHCND:USC00022139 19590216 0.0      -9999    -9999    
GHCND:USC00022139 19590217 0.3      18.9     6.1      
GHCND:USC00022139 19590218 16.0     14.4     7.2      
GHCND:USC00022139 19590219 0.0      14.4     0.6      
GHCND:USC00022139 19590220 0.0      20.0     -1.7     
GHCND:USC00022139 19590221 0.0      15.6     4.4      
GHCND:USC00022139 19590222 0.0      12.2     1.7      
GHCND:USC00022139 19590223 0.0      16.1     -2.8     
GHCND:USC00022139 19590224 0.0      15.6     -4.4     
GHCND:USC00022139 19590225 0.0      12.8     -5.6     
GHCND:USC00022139 19590226 0.0      16.1     -3.3     
GHCND:USC00022139 19590227 0.0      18.3     -2.2     
GHCND:USC00022139 19590228 0.0      18.3     0.6      
GHCND:USC00022139 19590301 0.0      21.1     0.0      
GHCND:USC00022139 19590302 0.0      21.1     1.7      
GHCND:USC00022139 19590303 0.0      21.1     1.7      
GHCND:USC00022139 19590304 0.0      17.8     -9999    
GHCND:USC00022139 19590305 0.0      12.2     -9999    
GHCND:USC00022139 19590306 0.0      13.3     -9999    
GHCND:USC00022139 19590307 0.0      18.9     -9999    
GHCND:USC00022139 19590308 0.0      21.1     -9999    
GHCND:USC00022139 19590309 0.0      21.1     -9999    
GHCND:USC00022139 19590310 0.0      21.1     -9999    
GHCND:USC00022139 19590311 0.0      18.9     -9999    
GHCND:USC00022139 19590312 0.0      20.6     -9999    
GHCND:USC00022139 19590313 0.0      22.8     -9999    
GHCND:USC00022139 19590314 0.0      19.4     -9999    
GHCND:USC00022139 19590315 0.0      18.3     -9999    
GHCND:USC00022139 19590316 0.0      13.3     -9999    
GHCND:USC00022139 19590317 0.0      16.1     -9999    
GHCND:USC00022139 19590318 0.0      20.6     -9999    
GHCND:USC00022139 19590319 0.0      21.7     -9999    
GHCND:USC00022139 19590320 0.0      21.1     -9999    
GHCND:USC00022139 19590321 0.0      18.9     -9999    
GHCND:USC00022139 19590322 0.0      21.7     -9999    
GHCND:USC00022139 19590323 0.0      20.6     -9999    
GHCND:USC00022139 19590324 0.0      17.8     -9999    
GHCND:USC00022139 19590325 0.0      13.9     -9999    
GHCND:USC00022139 19590326 0.0      18.3     -9999    
GHCND:USC00022139 19590327 0.0      16.7     -9999    
GHCND:USC00022139 19590328 0.0      -9999    -9999    
GHCND:USC00022139 19590329 0.0      21.1     -9999    
GHCND:USC00022139 19590330 0.0      21.1     -9999    
GHCND:USC00022139 19590331 0.0      22.8     -9999    
GHCND:USC00022139 19590401 0.0      25.0     3.9      
GHCND:USC00022139 19590402 0.0      28.3     5.0      
GHCND:USC00022139 19590403 0.0      28.3     6.7      
GHCND:USC00022139 19590404 0.0      28.3     8.9      
GHCND:USC00022139 19590405 0.0      26.1     11.1     
GHCND:USC00022139 19590406 0.0      23.9     11.7     
GHCND:USC00022139 19590407 0.0      19.4     6.1      
GHCND:USC00022139 19590408 0.0      22.2     5.0      
GHCND:USC00022139 19590409 0.0      22.2     6.7      
GHCND:USC00022139 19590410 0.0      21.7     5.6      
GHCND:USC00022139 19590411 0.0      23.3     4.4      
GHCND:USC00022139 19590412 0.0      21.1     5.0      
GHCND:USC00022139 19590413 0.0      19.4     3.3      
GHCND:USC00022139 19590414 2.3      16.7     3.9      
GHCND:USC00022139 19590415 5.3      18.3     6.7      
GHCND:USC00022139 19590416 5.8      16.7     6.7      
GHCND:USC00022139 19590417 0.0      18.3     6.1      
GHCND:USC00022139 19590418 0.0      18.9     7.2      
GHCND:USC00022139 19590419 0.0      20.0     7.8      
GHCND:USC00022139 19590420 0.0      21.7     7.2      
GHCND:USC00022139 19590421 0.0      22.8     4.4      
GHCND:USC00022139 19590422 0.0      25.6     6.1      
GHCND:USC00022139 19590423 0.0      27.8     6.1      
GHCND:USC00022139 19590424 0.0      27.2     13.3     
GHCND:USC00022139 19590425 0.0      26.1     8.3      
GHCND:USC00022139 19590426 0.0      22.2     13.3     
GHCND:USC00022139 19590427 0.0      25.6     6.1      
GHCND:USC00022139 19590428 0.0      27.8     6.1      
GHCND:USC00022139 19590429 0.0      29.4     8.3      
GHCND:USC00022139 19590430 0.0      28.9     10.6     
GHCND:USC00022139 19590501 0.0      23.9     15.6     
GHCND:USC00022139 19590502 0.0      22.2     11.1     
GHCND:USC00022139 19590503 0.0      20.0     8.3      
GHCND:USC00022139 19590504 0.0      17.2     2.2      
GHCND:USC00022139 19590505 0.0      21.7     3.3      
GHCND:USC00022139 19590506 0.0      27.8     5.0      
GHCND:USC00022139 19590507 0.0      25.0     10.6     
GHCND:USC00022139 19590508 0.0      25.6     5.0      
GHCND:USC00022139 19590509 0.0      -9999    -9999    
GHCND:USC00022139 19590510 0.0      26.7     7.8      
GHCND:USC00022139 19590511 0.0      29.4     8.3      
GHCND:USC00022139 19590512 0.0      32.2     11.1     
GHCND:USC00022139 19590513 0.0      31.7     12.8     
GHCND:USC00022139 19590514 0.0      31.1     13.3     
GHCND:USC00022139 19590515 0.0      27.8     15.6     
GHCND:USC00022139 19590516 0.0      26.7     9.4      
GHCND:USC00022139 19590517 0.0      26.7     11.1     
GHCND:USC00022139 19590518 0.0      26.1     13.9     
GHCND:USC00022139 19590519 0.0      25.0     13.3     
GHCND:USC00022139 19590520 0.0      23.9     10.6     
GHCND:USC00022139 19590521 0.0      21.7     15.6     
GHCND:USC00022139 19590522 0.0      25.0     7.2      
GHCND:USC00022139 19590523 0.0      26.7     12.8     
GHCND:USC00022139 19590524 0.0      26.7     8.3      
GHCND:USC00022139 19590525 0.0      24.4     12.2     
GHCND:USC00022139 19590526 0.0      25.6     3.3      
GHCND:USC00022139 19590527 0.0      27.2     9.4      
GHCND:USC00022139 19590528 0.0      29.4     8.9      
GHCND:USC00022139 19590529 0.0      29.4     9.4      
GHCND:USC00022139 19590530 0.0      27.8     7.2      
GHCND:USC00022139 19590531 0.0      28.3     11.1     
GHCND:USC00022139 19590601 0.0      29.4     8.9      
GHCND:USC00022139 19590602 0.0      29.4     14.4     
GHCND:USC00022139 19590603 0.0      29.4     11.1     
GHCND:USC00022139 19590604 0.0      29.4     12.2     
GHCND:USC00022139 19590605 0.0      31.1     12.8     
GHCND:USC00022139 19590606 0.0      32.2     13.3     
GHCND:USC00022139 19590607 0.0      31.7     13.3     
GHCND:USC00022139 19590608 0.0      31.1     13.9     
GHCND:USC00022139 19590609 0.0      32.2     14.4     
GHCND:USC00022139 19590610 0.0      32.2     13.9     
GHCND:USC00022139 19590611 0.0      34.4     15.6     
GHCND:USC00022139 19590612 0.0      34.4     18.9     
GHCND:USC00022139 19590613 0.0      35.6     26.1     
GHCND:USC00022139 19590614 0.0      35.0     22.2     
GHCND:USC00022139 19590615 0.0      32.2     17.8     
GHCND:USC00022139 19590616 0.0      34.4     17.8     
GHCND:USC00022139 19590617 4.8      35.6     16.7     
GHCND:USC00022139 19590618 0.8      35.0     17.8     
GHCND:USC00022139 19590619 0.8      33.9     16.1     
GHCND:USC00022139 19590620 0.0      31.7     18.3     
GHCND:USC00022139 19590621 1.0      33.3     17.8     
GHCND:USC00022139 19590622 0.0      35.0     16.7     
GHCND:USC00022139 19590623 0.0      36.1     18.3     
GHCND:USC00022139 19590624 0.0      36.7     16.7     
GHCND:USC00022139 19590625 0.0      34.4     21.1     
GHCND:USC00022139 19590626 0.0      31.1     16.7     
GHCND:USC00022139 19590627 0.0      29.4     16.1     
GHCND:USC00022139 19590628 0.0      28.9     16.7     
GHCND:USC00022139 19590629 48.0     27.8     14.4     
GHCND:USC00022139 19590630 17.8     25.0     13.9     
GHCND:USC00022139 19590701 0.0      31.1     13.9     
GHCND:USC00022139 19590702 0.0      30.0     15.0     
GHCND:USC00022139 19590703 0.0      30.6     17.8     
GHCND:USC00022139 19590704 0.0      29.4     17.2     
GHCND:USC00022139 19590705 3.6      30.0     13.9     
GHCND:USC00022139 19590706 0.0      32.2     16.1     
GHCND:USC00022139 19590707 0.0      32.2     18.3     
GHCND:USC00022139 19590708 0.3      32.8     16.7     
GHCND:USC00022139 19590709 3.8      30.6     16.7     
GHCND:USC00022139 19590710 0.0      31.1     15.0     
GHCND:USC00022139 19590711 0.3      33.3     16.1     
GHCND:USC00022139 19590712 0.0      32.8     16.7     
GHCND:USC00022139 19590713 0.0      32.2     17.2     
GHCND:USC00022139 19590714 1.3      31.1     15.0     
GHCND:USC00022139 19590715 0.0      31.7     15.0     
GHCND:USC00022139 19590716 6.6      29.4     15.0     
GHCND:USC00022139 19590717 0.3      30.0     15.6     
GHCND:USC00022139 19590718 5.6      30.0     13.9     
GHCND:USC00022139 19590719 6.4      29.4     14.4     
GHCND:USC00022139 19590720 0.0      31.1     16.1     
GHCND:USC00022139 19590721 0.0      28.9     16.1     
GHCND:USC00022139 19590722 0.0      32.8     16.7     
GHCND:USC00022139 19590723 1.0      34.4     21.7     
GHCND:USC00022139 19590724 4.1      31.1     16.7     
GHCND:USC00022139 19590725 0.0      32.8     17.8     
GHCND:USC00022139 19590726 0.0      32.8     17.2     
GHCND:USC00022139 19590727 41.1     28.9     13.9     
GHCND:USC00022139 19590728 8.1      29.4     14.4     
GHCND:USC00022139 19590729 28.7     26.1     14.4     
GHCND:USC00022139 19590730 23.4     28.9     13.9     
GHCND:USC00022139 19590731 0.3      28.3     15.0     
GHCND:USC00022139 19590801 0.0      26.7     14.4     
GHCND:USC00022139 19590802 1.5      28.3     14.4     
GHCND:USC00022139 19590803 1.3      27.8     15.6     
GHCND:USC00022139 19590804 4.3      25.0     15.0     
GHCND:USC00022139 19590805 0.0      25.6     13.3     
GHCND:USC00022139 19590806 0.0      27.8     14.4     
GHCND:USC00022139 19590807 3.0      27.8     14.4     
GHCND:USC00022139 19590808 1.5      30.0     15.6     
GHCND:USC00022139 19590809 1.3      29.4     16.7     
GHCND:USC00022139 19590810 0.8      29.4     15.6     
GHCND:USC00022139 19590811 15.2     28.3     16.1     
GHCND:USC00022139 19590812 1.8      27.8     15.0     
GHCND:USC00022139 19590813 57.7     25.6     13.3     
GHCND:USC00022139 19590814 2.5      22.8     13.3     
GHCND:USC00022139 19590815 18.5     23.9     15.6     
GHCND:USC00022139 19590816 0.5      26.7     14.4     
GHCND:USC00022139 19590817 0.0      25.6     15.0     
GHCND:USC00022139 19590818 1.3      25.0     15.6     
GHCND:USC00022139 19590819 8.6      23.9     15.0     
GHCND:USC00022139 19590820 3.8      23.9     15.0     
GHCND:USC00022139 19590821 1.3      25.0     12.8     
GHCND:USC00022139 19590822 5.6      23.9     15.0     
GHCND:USC00022139 19590823 5.3      24.4     13.9     
GHCND:USC00022139 19590824 3.0      25.6     12.8     
GHCND:USC00022139 19590825 11.7     22.2     13.9     
GHCND:USC00022139 19590826 4.6      27.2     14.4     
GHCND:USC00022139 19590827 0.3      27.8     13.9     
GHCND:USC00022139 19590828 0.0      27.8     15.0     
GHCND:USC00022139 19590829 0.0      28.9     15.0     
GHCND:USC00022139 19590830 0.0      33.3     15.6     
GHCND:USC00022139 19590831 0.0      31.1     15.0     
GHCND:USC00022139 19590901 0.0      31.1     17.2     
GHCND:USC00022139 19590902 0.0      30.0     17.8     
GHCND:USC00022139 19590903 0.0      30.6     13.9     
GHCND:USC00022139 19590904 0.0      31.7     14.4     
GHCND:USC00022139 19590905 0.0      31.7     15.6     
GHCND:USC00022139 19590906 0.0      32.2     15.6     
GHCND:USC00022139 19590907 0.0      31.1     14.4     
GHCND:USC00022139 19590908 0.3      28.9     16.7     
GHCND:USC00022139 19590909 0.0      31.7     12.8     
GHCND:USC00022139 19590910 2.3      28.9     14.4     
GHCND:USC00022139 19590911 12.4     24.4     14.4     
GHCND:USC00022139 19590912 1.3      26.7     14.4     
GHCND:USC00022139 19590913 0.0      26.1     10.0     
GHCND:USC00022139 19590914 0.0      30.6     7.8      
GHCND:USC00022139 19590915 0.0      24.4     13.3     
GHCND:USC00022139 19590916 0.0      22.8     14.4     
GHCND:USC00022139 19590917 0.0      23.3     15.0     
GHCND:USC00022139 19590918 0.0      27.8     10.6     
GHCND:USC00022139 19590919 0.0      29.4     12.8     
GHCND:USC00022139 19590920 0.0      27.8     13.3     
GHCND:USC00022139 19590921 0.0      27.2     16.1     
GHCND:USC00022139 19590922 0.0      26.1     12.2     
GHCND:USC00022139 19590923 0.0      25.0     14.4     
GHCND:USC00022139 19590924 0.0      25.0     13.3     
GHCND:USC00022139 19590925 0.0      25.6     12.2     
GHCND:USC00022139 19590926 0.0      25.6     9.4      
GHCND:USC00022139 19590927 0.0      26.1     15.0     
GHCND:USC00022139 19590928 0.0      25.6     14.4     
GHCND:USC00022139 19590929 0.0      23.9     13.3     
GHCND:USC00022139 19590930 0.0      23.3     17.2     
GHCND:USC00022139 19591001 0.0      21.1     13.3     
GHCND:USC00022139 19591002 0.0      17.8     12.8     
GHCND:USC00022139 19591003 0.0      18.3     13.9     
GHCND:USC00022139 19591004 0.0      20.0     2.2      
GHCND:USC00022139 19591005 0.0      23.3     3.9      
GHCND:USC00022139 19591006 0.0      23.9     6.1      
GHCND:USC00022139 19591007 0.0      23.9     -9999    
GHCND:USC00022139 19591008 0.0      23.9     5.6      
GHCND:USC00022139 19591009 0.0      25.0     7.8      
GHCND:USC00022139 19591010 0.0      27.8     7.2      
GHCND:USC00022139 19591011 0.0      28.9     7.8      
GHCND:USC00022139 19591012 0.0      27.2     11.1     
GHCND:USC00022139 19591013 0.0      27.8     12.2     
GHCND:USC00022139 19591014 0.0      22.8     14.4     
GHCND:USC00022139 19591015 0.0      24.4     7.8      
GHCND:USC00022139 19591016 0.0      27.2     6.1      
GHCND:USC00022139 19591017 0.0      23.9     9.4      
GHCND:USC00022139 19591018 0.0      25.6     5.6      
GHCND:USC00022139 19591019 0.0      25.6     8.9      
GHCND:USC00022139 19591020 0.0      25.6     5.6      
GHCND:USC00022139 19591021 0.0      26.7     7.2      
GHCND:USC00022139 19591022 0.0      26.1     8.9      
GHCND:USC00022139 19591023 0.0      30.0     9.4      
GHCND:USC00022139 19591024 0.0      29.4     11.7     
GHCND:USC00022139 19591025 0.0      30.0     11.1     
GHCND:USC00022139 19591026 0.0      28.3     10.6     
GHCND:USC00022139 19591027 0.0      25.0     7.2      
GHCND:USC00022139 19591028 0.5      22.2     9.4      
GHCND:USC00022139 19591029 2.3      17.8     9.4      
GHCND:USC00022139 19591030 2.5      11.1     3.9      
GHCND:USC00022139 19591031 15.5     10.0     1.1      
GHCND:USC00022139 19591101 0.0      18.9     6.1      
GHCND:USC00022139 19591102 3.3      15.6     8.3      
GHCND:USC00022139 19591103 0.0      13.3     1.7      
GHCND:USC00022139 19591104 0.0      16.7     1.7      
GHCND:USC00022139 19591105 0.0      15.6     2.2      
GHCND:USC00022139 19591106 0.0      12.8     3.3      
GHCND:USC00022139 19591107 0.0      17.2     2.8      
GHCND:USC00022139 19591108 0.0      15.6     0.6      
GHCND:USC00022139 19591109 0.0      13.9     6.1      
GHCND:USC00022139 19591110 0.0      20.6     2.2      
GHCND:USC00022139 19591111 0.0      21.1     4.4      
GHCND:USC00022139 19591112 0.0      18.3     6.7      
GHCND:USC00022139 19591113 18.8     14.4     8.9      
GHCND:USC00022139 19591114 21.6     11.7     6.7      
GHCND:USC00022139 19591115 11.4     12.8     6.1      
GHCND:USC00022139 19591116 0.0      15.6     3.3      
GHCND:USC00022139 19591117 0.5      14.4     4.4      
GHCND:USC00022139 19591118 0.0      18.3     1.1      
GHCND:USC00022139 19591119 0.0      18.9     6.1      
GHCND:USC00022139 19591120 0.0      16.7     1.7      
GHCND:USC00022139 19591121 0.0      17.8     6.7      
GHCND:USC00022139 19591122 0.0      19.4     7.2      
GHCND:USC00022139 19591123 0.0      17.2     -1.1     
GHCND:USC00022139 19591124 0.0      18.3     1.1      
GHCND:USC00022139 19591125 0.0      21.7     -0.6     
GHCND:USC00022139 19591126 0.0      18.3     2.8      
GHCND:USC00022139 19591127 0.0      10.6     -1.1     
GHCND:USC00022139 19591128 0.0      13.3     -0.6     
GHCND:USC00022139 19591129 0.0      16.1     -3.9     
GHCND:USC00022139 19591130 0.0      17.8     -2.2     
GHCND:USC00022139 19591201 0.0      16.1     -1.1     
GHCND:USC00022139 19591202 0.0      16.7     5.0      
GHCND:USC00022139 19591203 0.0      17.2     5.0      
GHCND:USC00022139 19591204 0.0      16.7     -3.9     
GHCND:USC00022139 19591205 0.0      10.0     -1.1     
GHCND:USC00022139 19591206 0.0      12.2     -1.1     
GHCND:USC00022139 19591207 0.0      16.1     -3.9     
GHCND:USC00022139 19591208 0.8      11.7     4.4      
GHCND:USC00022139 19591209 16.0     10.0     6.7      
GHCND:USC00022139 19591210 0.0      11.7     3.9      
GHCND:USC00022139 19591211 3.6      13.3     -2.2     
GHCND:USC00022139 19591212 0.0      11.1     -1.1     
GHCND:USC00022139 19591213 0.0      10.6     2.8      
GHCND:USC00022139 19591214 -9999    10.0     -4.4     
GHCND:USC00022139 19591215 -9999    7.8      -7.2     
GHCND:USC00022139 19591216 0.0      12.8     -3.9     
GHCND:USC00022139 19591217 0.0      17.2     -3.3     
GHCND:USC00022139 19591218 0.0      13.9     1.1      
GHCND:USC00022139 19591219 0.0      16.7     -1.1     
GHCND:USC00022139 19591220 0.0      15.0     -1.1     
GHCND:USC00022139 19591221 0.0      14.4     3.3      
GHCND:USC00022139 19591222 0.0      12.8     -1.7     
GHCND:USC00022139 19591223 0.0      14.4     1.1      
GHCND:USC00022139 19591224 6.4      15.0     5.0      
GHCND:USC00022139 19591225 27.4     8.9      1.7      
GHCND:USC00022139 19591226 4.3      6.7      -0.6     
GHCND:USC00022139 19591227 0.0      10.0     -7.8     
GHCND:USC00022139 19591228 0.0      9.4      -5.0     
GHCND:USC00022139 19591229 0.0      11.7     -1.7     
GHCND:USC00022139 19591230 6.6      8.9      2.2      
GHCND:USC00022139 19591231 0.0      4.4      -1.1     
GHCND:USC00022139 19600101 -9999    2.8      -2.2     
GHCND:USC00022139 19600102 -9999    4.4      -10.0    
GHCND:USC00022139 19600103 0.0      5.6      -7.8     
GHCND:USC00022139 19600104 0.0      7.2      -5.0     
GHCND:USC00022139 19600105 1.3      4.4      -8.9     
GHCND:USC00022139 19600106 0.0      6.7      -9.4     
GHCND:USC00022139 19600107 0.0      12.8     -5.6     
GHCND:USC00022139 19600108 0.0      16.1     -5.6     
GHCND:USC00022139 19600109 0.0      16.1     0.6      
GHCND:USC00022139 19600110 12.7     12.2     2.8      
GHCND:USC00022139 19600111 35.8     7.2      1.7      
GHCND:USC00022139 19600112 2.5      8.9      0.0      
GHCND:USC00022139 19600113 18.0     7.2      -3.3     
GHCND:USC00022139 19600114 0.0      5.0      -8.9     
GHCND:USC00022139 19600115 0.0      7.8      -7.2     
GHCND:USC00022139 19600116 10.4     3.9      -4.4     
GHCND:USC00022139 19600117 0.0      1.1      -7.8     
GHCND:USC00022139 19600118 0.0      3.9      -12.8    
GHCND:USC00022139 19600119 0.0      7.8      -9.4     
GHCND:USC00022139 19600120 0.0      8.9      -7.8     
GHCND:USC00022139 19600121 0.0      13.9     -6.7     
GHCND:USC00022139 19600122 0.0      17.2     -3.9     
GHCND:USC00022139 19600123 0.0      17.8     -2.8     
GHCND:USC00022139 19600124 0.0      18.3     1.7      
GHCND:USC00022139 19600125 0.0      16.1     0.0      
GHCND:USC00022139 19600126 0.0      14.4     0.6      
GHCND:USC00022139 19600127 0.0      15.6     1.1      
GHCND:USC00022139 19600128 0.0      12.2     8.9      
GHCND:USC00022139 19600129 0.0      15.0     4.4      
GHCND:USC00022139 19600130 0.0      18.3     -1.1     
GHCND:USC00022139 19600131 0.0      16.7     6.1      
GHCND:USC00022139 19600201 0.0      15.0     0.6      
GHCND:USC00022139 19600202 0.0      12.8     3.9      
GHCND:USC00022139 19600203 0.0      11.1     -3.3     
GHCND:USC00022139 19600204 0.0      12.8     -4.4     
GHCND:USC00022139 19600205 0.0      13.9     -4.4     
GHCND:USC00022139 19600206 0.0      17.8     0.0      
GHCND:USC00022139 19600207 0.0      18.9     -1.1     
GHCND:USC00022139 19600208 0.0      19.4     5.0      
GHCND:USC00022139 19600209 0.0      15.0     5.0      
GHCND:USC00022139 19600210 0.0      5.0      0.0      
GHCND:USC00022139 19600211 11.4     5.6      -2.8     
GHCND:USC00022139 19600212 0.0      6.7      -1.1     
GHCND:USC00022139 19600213 0.0      13.9     -3.9     
GHCND:USC00022139 19600214 0.0      12.2     -3.9     
GHCND:USC00022139 19600215 0.0      13.3     -3.9     
GHCND:USC00022139 19600216 0.0      15.0     -1.7     
GHCND:USC00022139 19600217 0.0      12.2     -3.9     
GHCND:USC00022139 19600218 0.0      13.9     -5.6     
GHCND:USC00022139 19600219 0.0      11.7     0.0      
GHCND:USC00022139 19600220 0.0      7.2      -5.0     
GHCND:USC00022139 19600221 0.0      11.7     -0.6     
GHCND:USC00022139 19600222 0.0      10.6     0.0      
GHCND:USC00022139 19600223 0.0      7.8      -2.2     
GHCND:USC00022139 19600224 0.0      5.0      -7.2     
GHCND:USC00022139 19600225 0.0      -9999    -9999    
GHCND:USC00022139 19600226 0.0      -9999    -9999    
GHCND:USC00022139 19600227 0.0      -9999    -9999    
GHCND:USC00022139 19600228 0.0      -9999    -9999    
GHCND:USC00022139 19600229 0.0      -9999    -9999    